save1
[ 4698.0, 23.0 ]
backEnts
[ Wood_Post -1.0 2705.0 763.0 0.0 0.0 0.0 0.0 980.0 false 42.0 0.0 ]
[ Tree_1 -1.0 619.0 544.0 0.34906585039886584 0.0 0.0 0.0 980.0 false 650.0 0.0 ]
[ Tree_1 -1.0 -200.0 719.0 4.886921905584124 0.0 0.0 0.0 980.0 false 650.0 0.0 ]
[ FoodDinoSignLarge -1.0 -873.0 442.0 0.0 0.0 0.0 0.0 980.0 false 0.0 0.0 ]
[ Brick_Wall_White_Small -1.0 -1071.0 705.0 0.0 0.0 0.0 0.0 980.0 false 180.0 0.0 ]
[ Brick_Wall_White_Small -1.0 -1071.0 613.0 0.0 0.0 0.0 0.0 980.0 false 180.0 0.0 ]
[ Brick_Wall_White_Small -1.0 -1071.0 521.0 0.0 0.0 0.0 0.0 980.0 false 180.0 0.0 ]
[ Brick_Wall_White_Small -1.0 -1071.0 429.0 0.0 0.0 0.0 0.0 980.0 false 180.0 0.0 ]
[ WallMed -1.0 -2567.0 921.0 0.0 0.0 0.0 0.0 980.0 false 450.0 0.0 ]
[ Brick_Wall_White_Small -1.0 -1943.0 727.0 1.570796326794896 0.0 0.0 0.0 980.0 false 180.0 0.0 ]
[ Wood_Post_Short 60.0 -1907.0 643.0 1.570796326794896 0.0 0.0 0.0 980.0 false 16.0 0.0 ]
[ Brick_Wall_Brown 24000.0 -1317.0 646.0 0.0 0.0 0.0 0.0 980.0 false 450.0 0.0 ]
[ Wood_Post_Short 60.0 -2195.0 265.0 3.141592653589791 0.0 0.0 0.0 980.0 false 16.0 0.0 ]
[ Wood_Post_Short 60.0 -1957.0 146.0 3.141592653589791 0.0 0.0 0.0 980.0 false 16.0 0.0 ]
[ Wood_Post_Short 60.0 -1957.0 252.0 3.141592653589791 0.0 0.0 0.0 980.0 false 16.0 0.0 ]
[ Wood_Post_Short 60.0 -1416.0 275.0 3.141592653589791 0.0 0.0 0.0 980.0 false 16.0 0.0 ]
[ Brick_Wall_Brown 24000.0 -1317.0 427.0 0.0 0.0 0.0 0.0 980.0 false 450.0 0.0 ]
[ WallMedDestructed1 -1.0 3582.0 -810.0 0.0 0.0 0.0 0.0 980.0 false 200.0 0.0 ]
[ WallMedDestructed1 -1.0 3491.0 -809.0 3.141592653589791 0.0 0.0 0.0 980.0 false 200.0 0.0 ]
[ Tree_1 -1.0 -1762.0 351.0 0.0 0.0 0.0 0.0 980.0 false 650.0 0.0 ]
[ Wood_Post_Short 60.0 -1690.0 265.0 3.141592653589791 0.0 0.0 0.0 980.0 false 16.0 0.0 ]
[ Wood_Post_Short 60.0 -1690.0 141.0 3.141592653589791 0.0 0.0 0.0 980.0 false 16.0 0.0 ]
[ Brick_Wall_Brown 24000.0 -1632.0 427.0 0.0 0.0 0.0 0.0 980.0 false 450.0 0.0 ]
[ Brick_Wall_Brown 24000.0 -1632.0 646.0 0.0 0.0 0.0 0.0 980.0 false 450.0 0.0 ]
[ Brick_Wall_Gray_Large 24000.0 4022.0 1274.0 0.0 0.0 0.0 0.0 980.0 false 450.0 0.0 ]
[ Brick_Wall_Gray_Large 24000.0 2632.0 1274.0 0.0 0.0 0.0 0.0 980.0 false 450.0 0.0 ]
[ Brick_Wall_Gray_Large 24000.0 1937.0 1274.0 0.0 0.0 0.0 0.0 980.0 false 450.0 0.0 ]
[ Brick_Wall_Gray_Large 24000.0 1943.0 1642.0 0.0 0.0 0.0 0.0 980.0 false 450.0 0.0 ]
[ Brick_Wall_Gray_Large 24000.0 1242.0 1274.0 0.0 0.0 0.0 0.0 980.0 false 450.0 0.0 ]
[ Brick_Wall_Gray_Large 24000.0 547.0 1274.0 0.0 0.0 0.0 0.0 980.0 false 450.0 0.0 ]
[ Brick_Wall_Gray_Large 24000.0 -148.0 1274.0 0.0 0.0 0.0 0.0 980.0 false 450.0 0.0 ]
[ Brick_Wall_Gray_Large 24000.0 -843.0 1274.0 0.0 0.0 0.0 0.0 980.0 false 450.0 0.0 ]
[ Brick_Wall_Gray_Large 24000.0 -1538.0 1274.0 0.0 0.0 0.0 0.0 980.0 false 450.0 0.0 ]
[ Brick_Wall_Gray_Large 24000.0 -2233.0 1274.0 0.0 0.0 0.0 0.0 980.0 false 450.0 0.0 ]
[ Brick_Wall_Gray_Small -1.0 -2178.0 1504.0 0.0 0.0 0.0 0.0 980.0 false 180.0 0.0 ]
[ Brick_Wall_Gray_Small -1.0 -2004.0 1504.0 0.0 0.0 0.0 0.0 980.0 false 180.0 0.0 ]
[ Brick_Wall_Brown 24000.0 -1947.0 427.0 0.0 0.0 0.0 0.0 980.0 false 450.0 0.0 ]
[ Pipe -1.0 -2297.0 295.0 4.712388980384702 0.0 0.0 0.0 980.0 false 180.0 0.0 ]
[ Brick_Wall_Brown 24000.0 -1947.0 646.0 0.0 0.0 0.0 0.0 980.0 false 450.0 0.0 ]
[ Brick_Wall_Gray_Large 24000.0 5412.0 1274.0 0.0 0.0 0.0 0.0 980.0 false 450.0 0.0 ]
[ Wood_Post -1.0 -3353.0 619.0 0.8726646259971647 0.0 0.0 0.0 980.0 false 42.0 0.0 ]
[ Wood_Post -1.0 -3382.0 617.0 5.410520681182422 0.0 0.0 0.0 980.0 false 42.0 0.0 ]
[ DrankMachine -1.0 -3590.0 695.0 1.570796326794896 0.0 0.0 0.0 980.0 false 80.0 0.0 ]
[ Wood_Post -1.0 -3363.0 268.0 2.426007660272116 0.0 0.0 0.0 980.0 false 42.0 0.0 ]
[ Wood_Post -1.0 -5386.0 594.0 5.532693728822024 0.0 0.0 0.0 980.0 false 42.0 0.0 ]
[ Pipe -1.0 -5640.0 -850.0 1.570796326794896 0.0 0.0 0.0 980.0 false 180.0 0.0 ]
[ Wood_Post -1.0 -5382.0 263.0 5.585053606381854 0.0 0.0 0.0 980.0 false 42.0 0.0 ]
[ Wood_Post -1.0 -5382.0 263.0 0.6981317007977315 0.0 0.0 0.0 980.0 false 42.0 0.0 ]
[ Brick_Wall_Gray_Large 24000.0 4717.0 945.0 6.283185307179586 0.0 0.0 0.0 980.0 false 450.0 0.0 ]
[ Brick_Wall_Gray_Large 24000.0 5412.0 945.0 0.0 0.0 0.0 0.0 980.0 false 450.0 0.0 ]
[ Brick_Wall_Red_Large 24000.0 5543.0 255.0 0.0 0.0 0.0 0.0 980.0 false 450.0 0.0 ]
[ Trash_Can 185.0 4288.0 320.0 0.0 0.0 0.0 0.0 980.0 false 40.0 0.0 ]
[ Brick_Wall_Red_Large 24000.0 3284.0 -842.0 0.0 0.0 0.0 0.0 980.0 false 450.0 0.0 ]
[ Brick_Wall_Red_Large 24000.0 5174.0 -842.0 0.0 0.0 0.0 0.0 980.0 false 450.0 0.0 ]
[ Brick_Wall_Red_Large 24000.0 4229.0 -842.0 0.0 0.0 0.0 0.0 980.0 false 450.0 0.0 ]
[ Brick_Wall_Red_Large 24000.0 4229.0 34.0 0.0 0.0 0.0 0.0 980.0 false 450.0 0.0 ]
[ Brick_Wall_Red_Large 24000.0 5174.0 34.0 0.0 0.0 0.0 0.0 980.0 false 450.0 0.0 ]
[ Brick_Wall_Red_Large 24000.0 5174.0 -404.0 0.0 0.0 0.0 0.0 980.0 false 450.0 0.0 ]
[ Brick_Wall_Red_Large 24000.0 4229.0 -404.0 0.0 0.0 0.0 0.0 980.0 false 450.0 0.0 ]
[ Brick_Wall_Red_Large 24000.0 3284.0 -404.0 0.0 0.0 0.0 0.0 980.0 false 450.0 0.0 ]
[ Brick_Wall_Red 24000.0 2571.0 28.0 0.0 0.0 0.0 0.0 980.0 false 450.0 0.0 ]
[ Brick_Wall_Red 24000.0 2571.0 -191.0 0.0 0.0 0.0 0.0 980.0 false 450.0 0.0 ]
[ Brick_Wall_Red_Large 24000.0 3284.0 34.0 0.0 0.0 0.0 0.0 980.0 false 450.0 0.0 ]
[ Brick_Wall_Red_Large 24000.0 2708.0 255.0 0.0 0.0 0.0 0.0 980.0 false 450.0 0.0 ]
[ Brick_Wall_White_Large 24000.0 2460.0 638.0 0.0 0.0 0.0 0.0 980.0 false 450.0 0.0 ]
[ Pipe -1.0 2754.0 -368.0 4.7123889803846915 0.0 0.0 0.0 980.0 false 180.0 0.0 ]
[ Pipe -1.0 2754.0 170.0 4.7123889803846915 0.0 0.0 0.0 980.0 false 180.0 0.0 ]
[ Pipe -1.0 2803.0 170.0 1.5707963267948966 0.0 0.0 0.0 980.0 false 180.0 0.0 ]
[ Pipe -1.0 2803.0 -221.0 1.570796326794896 0.0 0.0 0.0 980.0 false 180.0 0.0 ]
[ Wood_Post -1.0 2122.0 596.0 1.570796326794896 0.0 0.0 0.0 980.0 false 42.0 0.0 ]
[ Brick_Wall_Red_Large 24000.0 4598.0 255.0 0.0 0.0 0.0 0.0 980.0 false 450.0 0.0 ]
[ Brick_Wall_Red_Large 24000.0 3653.0 255.0 0.0 0.0 0.0 0.0 980.0 false 450.0 0.0 ]
[ Brick_Wall_White_Large 24000.0 3852.0 638.0 0.0 0.0 0.0 0.0 980.0 false 450.0 0.0 ]
[ Brick_Wall_White_Large 24000.0 4548.0 638.0 0.0 0.0 0.0 0.0 980.0 false 450.0 0.0 ]
[ Brick_Wall_White_Large 24000.0 5244.0 638.0 0.0 0.0 0.0 0.0 980.0 false 450.0 0.0 ]
[ Brick_Wall_White_Large 24000.0 3156.0 593.0 0.0 0.0 0.0 0.0 980.0 false 450.0 0.0 ]
[ DrankMachinePurple -1.0 2986.0 646.0 0.0 0.0 0.0 0.0 980.0 false 80.0 0.0 ]
[ 11UpMachine -1.0 3110.0 646.0 0.0 0.0 0.0 0.0 980.0 false 80.0 0.0 ]
[ DrankMachine -1.0 -5176.0 647.0 6.283185307179586 0.0 0.0 0.0 980.0 false 80.0 0.0 ]
[ DrankMachinePurple -1.0 -5334.0 597.0 1.570796326794896 0.0 0.0 0.0 980.0 false 80.0 0.0 ]
[ DrankMachinePurple -1.0 -5332.0 697.0 4.7123889803846915 0.0 0.0 0.0 980.0 false 80.0 0.0 ]
[ 11UpMachine -1.0 -5493.0 646.0 6.283185307179586 0.0 0.0 0.0 980.0 false 80.0 0.0 ]
[ Brick_Wall_Gray_Large 24000.0 -2233.0 939.0 0.0 0.0 0.0 0.0 980.0 false 450.0 0.0 ]
[ Wood_Post -1.0 -3969.0 632.0 2.4434609527920594 0.0 0.0 0.0 980.0 false 42.0 0.0 ]
[ Wood_Post -1.0 -3969.0 718.0 0.29670597283903577 0.0 0.0 0.0 980.0 false 42.0 0.0 ]
[ DrankMachinePurple -1.0 -4368.0 597.0 4.7123889803846915 0.0 0.0 0.0 980.0 false 80.0 0.0 ]
[ 11UpMachine -1.0 -4345.0 696.0 4.71238898038469 0.0 0.0 0.0 980.0 false 80.0 0.0 ]
[ DrankMachine -1.0 -4167.0 552.0 1.1693705988362046 0.0 0.0 0.0 980.0 false 80.0 0.0 ]
[ Wood_Post -1.0 -3993.0 555.0 5.899212871740818 0.0 0.0 0.0 980.0 false 42.0 0.0 ]
[ Brick_Wall_Gray_Large 24000.0 4717.0 1296.0 0.0 0.0 0.0 0.0 980.0 false 450.0 0.0 ]
[ Wood_Post -1.0 5377.0 -151.0 0.9250245035569957 0.0 0.0 0.0 980.0 false 42.0 0.0 ]
[ Air_Conditioner -1.0 4515.0 -1826.0 0.0 0.0 0.0 0.0 980.0 false 80.0 0.0 ]
[ Fan_Small_8 -1.0 4524.0 -1800.0 0.0 0.0 0.0 4.0 980.0 false 10.0 0.0 ]
[ Fan_Small_8 -1.0 4469.0 -1799.0 0.0 0.0 0.0 6.0 0.0 false 10.0 0.0 ]
[ Air_Conditioner -1.0 4737.0 -1826.0 0.0 0.0 0.0 0.0 980.0 false 80.0 0.0 ]
[ Fan_Small_8 -1.0 4746.0 -1800.0 0.0 0.0 0.0 1.2 980.0 false 10.0 0.0 ]
[ Fan_Small_8 -1.0 4693.0 -1800.0 0.0 0.0 0.0 0.6 980.0 false 10.0 0.0 ]
[ Fence1 -1.0 -2730.0 573.0 0.0 0.0 0.0 0.0 980.0 false 450.0 0.0 ]
[ Brick_Wall_White_Small -1.0 -2424.0 429.0 0.0 0.0 0.0 0.0 980.0 false 180.0 0.0 ]
[ Brick_Wall_White_Small -1.0 -2424.0 365.0 0.0 0.0 0.0 0.0 980.0 false 180.0 0.0 ]
[ Brick_Wall_White_Small -1.0 -2424.0 521.0 0.0 0.0 0.0 0.0 980.0 false 180.0 0.0 ]
[ Brick_Wall_White_Small -1.0 -2424.0 613.0 0.0 0.0 0.0 0.0 980.0 false 180.0 0.0 ]
[ Brick_Wall_White_Small -1.0 -2424.0 705.0 0.0 0.0 0.0 0.0 980.0 false 180.0 0.0 ]
[ Brick_Wall_Brown 24000.0 -2262.0 427.0 0.0 0.0 0.0 0.0 980.0 false 450.0 0.0 ]
[ Brick_Wall_Brown 24000.0 -2262.0 646.0 0.0 0.0 0.0 0.0 980.0 false 450.0 0.0 ]
[ Big_Rock -1.0 1108.0 796.0 3.708824660487948 0.0 0.0 0.0 980.0 false 260.0 0.0 ]
[ Van 8000.0 869.0 676.0 3.141592653589793 0.0 0.0 0.0 0.0 true 780.0 0.0 ]
[ Pipe_Joint -1.0 -5641.0 -1136.0 1.570796326794896 0.0 0.0 0.0 980.0 false 180.0 0.0 ]
[ Pipe -1.0 2637.0 -601.0 4.258603374866148 0.0 0.0 0.0 980.0 false 180.0 0.0 ]
[ Pipe -1.0 2459.0 -1166.0 4.555309347705196 0.0 0.0 0.0 980.0 false 180.0 0.0 ]
[ Pipe_Joint2 -1.0 2506.0 -893.0 4.564035993965182 0.0 0.0 0.0 980.0 false 180.0 0.0 ]
[ Pipe_Joint -1.0 2517.0 -851.0 4.345869837465861 0.0 0.0 0.0 980.0 false 180.0 0.0 ]
[ Pipe -1.0 2555.0 -1360.0 5.489060497522199 0.0 0.0 0.0 980.0 false 180.0 0.0 ]
[ Pipe -1.0 2563.0 -804.0 5.480333851262177 0.0 0.0 0.0 980.0 false 180.0 0.0 ]
[ Pipe_Joint -1.0 2419.0 -655.0 5.619960191421772 0.0 0.0 0.0 980.0 false 180.0 0.0 ]
[ Pipe_Joint2 -1.0 2723.0 -972.0 5.462880558742297 0.0 0.0 0.0 980.0 false 180.0 0.0 ]
[ Brick_Wall_Gray_Small -1.0 2788.0 -1745.0 0.0 0.0 0.0 0.0 980.0 false 180.0 0.0 ]
[ Brick_Wall_Gray_Small -1.0 2962.0 -1745.0 0.0 0.0 0.0 0.0 980.0 false 180.0 0.0 ]
[ Brick_Wall_Gray_Small -1.0 2962.0 -1837.0 0.0 0.0 0.0 0.0 980.0 false 180.0 0.0 ]
[ Brick_Wall_Gray_Small -1.0 2788.0 -1837.0 0.0 0.0 0.0 0.0 980.0 false 180.0 0.0 ]
[ Brick_Wall_Gray_Small -1.0 2788.0 -1929.0 0.0 0.0 0.0 0.0 980.0 false 180.0 0.0 ]
[ Brick_Wall_Gray_Small -1.0 2962.0 -1929.0 0.0 0.0 0.0 0.0 980.0 false 180.0 0.0 ]
[ Brick_Wall_Gray_Small -1.0 2962.0 -2021.0 0.0 0.0 0.0 0.0 980.0 false 180.0 0.0 ]
[ Brick_Wall_Gray_Small -1.0 2788.0 -2021.0 0.0 0.0 0.0 0.0 980.0 false 180.0 0.0 ]
[ Brick_Wall_Gray_Small -1.0 2788.0 -2113.0 0.0 0.0 0.0 0.0 980.0 false 180.0 0.0 ]
[ Brick_Wall_Gray_Small -1.0 2962.0 -2113.0 0.0 0.0 0.0 0.0 980.0 false 180.0 0.0 ]
[ Wood_Post -1.0 -4918.0 281.0 0.6981317007977315 0.0 0.0 0.0 980.0 false 42.0 0.0 ]
[ Wood_Post -1.0 -5087.0 263.0 5.65486677646163 0.0 0.0 0.0 980.0 false 42.0 0.0 ]
[ Wood_Post -1.0 -4336.0 -348.0 5.009094953223675 0.0 0.0 0.0 980.0 false 42.0 0.0 ]
[ Wood_Post -1.0 -4144.0 -354.0 1.0471975511965976 0.0 0.0 0.0 980.0 false 42.0 0.0 ]
[ Wood_Post -1.0 -3615.0 -391.0 1.4573499254152604 0.0 0.0 0.0 980.0 false 42.0 0.0 ]
[ Brick_Wall_Gray_Large 24000.0 3327.0 1274.0 0.0 0.0 0.0 0.0 980.0 false 450.0 0.0 ]
[ WallMed -1.0 4569.0 1971.0 0.0 0.0 0.0 0.0 980.0 false 450.0 0.0 ]
[ WallMed -1.0 4069.0 1971.0 0.0 0.0 0.0 0.0 980.0 false 450.0 0.0 ]
[ Wood_Post_Short -1.0 231.0 1751.0 2.103121748653167 0.0 0.0 0.0 980.0 false 16.0 0.0 ]
[ Wood_Post_Short -1.0 -24.0 2110.0 1.9896753472735353 0.0 0.0 0.0 980.0 false 16.0 0.0 ]
[ Wood_Post_Short -1.0 166.0 2055.0 2.268928027592625 0.0 0.0 0.0 980.0 false 16.0 0.0 ]
[ Wood_Post_Short -1.0 16.0 2111.0 3.115412714809865 0.0 0.0 0.0 980.0 false 16.0 0.0 ]
[ WallMed -1.0 354.0 2284.0 0.0 0.0 0.0 0.0 980.0 false 450.0 0.0 ]
[ WallMed -1.0 -1739.0 1661.0 6.0039326268604825 0.0 0.0 0.0 980.0 false 450.0 0.0 ]
[ Pipe -1.0 -48.0 1952.0 0.6981317007977318 0.0 0.0 0.0 980.0 false 180.0 0.0 ]
playEnts
[ WallMed -1.0 5530.0 1454.0 0.0 0.0 0.0 0.0 980.0 false 450.0 0.0 ]
[ WallMed -1.0 5530.0 1804.0 0.0 0.0 0.0 0.0 980.0 false 450.0 0.0 ]
[ WallMed -1.0 2601.0 1960.0 0.0 0.0 0.0 0.0 980.0 false 450.0 0.0 ]
[ WallMed -1.0 1601.0 1960.0 0.0 0.0 0.0 0.0 980.0 false 450.0 0.0 ]
[ WallMed -1.0 3101.0 1960.0 0.0 0.0 0.0 0.0 980.0 false 450.0 0.0 ]
[ WallMed -1.0 1101.0 1610.0 0.0 0.0 0.0 0.0 980.0 false 450.0 0.0 ]
[ WallMed -1.0 601.0 1610.0 0.0 0.0 0.0 0.0 980.0 false 450.0 0.0 ]
[ WallMed -1.0 1396.0 1610.0 0.0 0.0 0.0 0.0 980.0 false 450.0 0.0 ]
[ WallMed -1.0 2101.0 1960.0 0.0 0.0 0.0 0.0 980.0 false 450.0 0.0 ]
[ WallMedDestructed5 -1.0 1721.0 1589.0 1.570796326794896 0.0 0.0 0.0 980.0 false 200.0 0.0 ]
[ WallMedDestructed1 -1.0 1970.0 1693.0 4.7123889803846915 0.0 0.0 0.0 980.0 false 200.0 0.0 ]
[ WallMed1 -1.0 1797.0 1780.0 1.570796326794896 0.0 0.0 0.0 980.0 false 280.0 35.0 ]
[ WallMed1 -1.0 2118.0 1771.0 1.570796326794896 0.0 0.0 0.0 980.0 false 280.0 35.0 ]
[ WallMed4 -1.0 2276.0 1716.0 1.570796326794896 0.0 0.0 0.0 980.0 false 280.0 35.0 ]
[ WallMedDestructed3 -1.0 2270.0 1494.0 4.7123889803846915 0.0 0.0 0.0 980.0 false 200.0 0.0 ]
[ WallMedDestructed2 -1.0 2170.0 1616.0 4.7123889803846915 0.0 0.0 0.0 980.0 false 200.0 0.0 ]
[ WallMed -1.0 3578.0 1616.0 0.022689280275926284 0.0 0.0 0.0 980.0 false 450.0 0.0 ]
[ WallMed1 -1.0 2927.0 420.0 1.570796326794896 0.0 0.0 0.0 980.0 false 280.0 35.0 ]
[ WallMed1 -1.0 2589.0 73.0 1.570796326794896 0.0 0.0 0.0 980.0 false 280.0 35.0 ]
[ WallMed -1.0 5658.0 422.0 0.0 0.0 0.0 0.0 980.0 false 450.0 0.0 ]
[ WallMed1 -1.0 4283.0 420.0 1.570796326794896 0.0 0.0 0.0 980.0 false 280.0 35.0 ]
[ WallMed -1.0 6030.0 917.0 0.0 0.0 0.0 0.0 980.0 false 450.0 0.0 ]
[ WallMed -1.0 6030.0 1267.0 0.0 0.0 0.0 0.0 980.0 false 450.0 0.0 ]
[ WallMed -1.0 6030.0 1617.0 0.0 0.0 0.0 0.0 980.0 false 450.0 0.0 ]
[ Brick_Wall_Brown 24000.0 5936.0 631.0 0.0 0.0 0.0 0.0 980.0 false 450.0 0.0 ]
[ Brick_Wall_Brown 24000.0 5936.0 412.0 0.0 0.0 0.0 0.0 980.0 false 450.0 0.0 ]
[ WallMed2 -1.0 5387.0 185.0 0.0 0.0 0.0 0.0 980.0 false 280.0 35.0 ]
[ WallMed2 -1.0 5600.0 185.0 0.0 0.0 0.0 0.0 980.0 false 280.0 35.0 ]
[ WallMed5 -1.0 5665.0 105.0 0.0 0.0 0.0 0.0 980.0 false 280.0 35.0 ]
[ WallMed2 -1.0 5704.0 193.0 0.0 0.0 0.0 0.0 980.0 false 280.0 35.0 ]
[ LightBulb1 4.0 4742.0 133.0 0.0 0.0 0.0 0.0 980.0 false 4.0 0.0 ]
[ LightBulb1 4.0 4411.0 133.0 0.0 0.0 0.0 0.0 980.0 false 4.0 0.0 ]
[ LightBulb1 4.0 4092.0 133.0 0.0 0.0 0.0 0.0 980.0 false 4.0 0.0 ]
[ LightBulb1 4.0 3740.0 133.0 0.0 0.0 0.0 0.0 980.0 false 4.0 0.0 ]
[ LightBulb1 4.0 2599.0 133.0 0.0 0.0 0.0 0.0 980.0 false 4.0 0.0 ]
[ WallMed2 -1.0 2347.0 -260.0 0.0 0.0 0.0 0.0 980.0 false 280.0 35.0 ]
[ WallMed -1.0 3565.0 -465.0 6.283185307179586 0.0 0.0 0.0 980.0 false 450.0 0.0 ]
[ WallMed -1.0 4065.0 -465.0 0.0 0.0 0.0 0.0 980.0 false 450.0 0.0 ]
[ WallMedDestructed4 -1.0 3154.0 -368.0 3.1503192998497647 0.0 0.0 0.0 980.0 false 200.0 0.0 ]
[ WallMedDestructed5 -1.0 4455.0 -372.0 3.141592653589791 0.0 0.0 0.0 980.0 false 200.0 0.0 ]
[ WallMed3 -1.0 396.0 828.0 0.0 0.0 0.0 0.0 980.0 false 280.0 35.0 ]
[ WallMed4 -1.0 301.0 1018.0 0.0 0.0 0.0 0.0 980.0 false 280.0 35.0 ]
[ WallMed4 -1.0 -33.0 1018.0 0.0 0.0 0.0 0.0 980.0 false 280.0 35.0 ]
[ WallMed4 -1.0 -27.0 977.0 0.0 0.0 0.0 0.0 980.0 false 280.0 35.0 ]
[ WallMed4 -1.0 307.0 977.0 0.0 0.0 0.0 0.0 980.0 false 280.0 35.0 ]
[ LightBulb1 4.0 2913.0 -283.0 0.3490658503988659 0.0 0.0 0.0 980.0 false 4.0 0.0 ]
[ WallMed2 -1.0 2890.0 -353.0 0.0 0.0 0.0 0.0 980.0 false 280.0 35.0 ]
[ WallMed -1.0 3083.0 1735.0 0.0 0.0 0.0 0.0 980.0 false 450.0 0.0 ]
[ WallMed -1.0 3178.0 921.0 0.0 0.0 0.0 0.0 980.0 false 450.0 0.0 ]
[ Wood_Post_Short -1.0 4837.0 440.0 1.3962634015954636 0.0 0.0 0.0 980.0 false 16.0 0.0 ]
[ Wood_Post_Short -1.0 4764.0 422.0 1.7453292519943295 0.0 0.0 0.0 980.0 false 16.0 0.0 ]
[ Wood_Post_Short -1.0 4923.0 442.0 1.5707963267948966 0.0 0.0 0.0 980.0 false 16.0 0.0 ]
[ WallMed5 -1.0 4433.0 828.0 0.0 0.0 0.0 0.0 980.0 false 280.0 35.0 ]
[ WallMed5 -1.0 4433.0 874.0 0.0 0.0 0.0 0.0 980.0 false 280.0 35.0 ]
[ WallMedDestructed5 -1.0 4433.0 1014.0 3.141592653589793 0.0 0.0 0.0 980.0 false 200.0 0.0 ]
[ WallMedDestructed1 -1.0 5272.0 928.0 3.141592653589793 0.0 0.0 0.0 980.0 false 200.0 0.0 ]
[ WallMed -1.0 5531.0 754.0 0.0 0.0 0.0 0.0 980.0 false 450.0 0.0 ]
[ WallMed -1.0 5531.0 1104.0 0.0 0.0 0.0 0.0 980.0 false 450.0 0.0 ]
[ Wood_Post_Short -1.0 4579.0 373.0 1.3089969389957472 0.0 0.0 0.0 980.0 false 16.0 0.0 ]
[ WallMed1 -1.0 4622.0 420.0 1.5707963267948966 0.0 0.0 0.0 980.0 false 280.0 35.0 ]
[ Wood_Post -1.0 4899.0 407.0 0.17453292519943295 0.0 0.0 0.0 980.0 false 42.0 0.0 ]
[ WallMedDestructed3 -1.0 5224.0 830.0 3.1415926535897967 0.0 0.0 0.0 980.0 false 200.0 0.0 ]
[ WallMed -1.0 -399.0 1610.0 0.0 0.0 0.0 0.0 980.0 false 450.0 0.0 ]
[ WallMed -1.0 -899.0 1610.0 0.0 0.0 0.0 0.0 980.0 false 450.0 0.0 ]
[ WallMed -1.0 -1322.0 921.0 0.0 0.0 0.0 0.0 980.0 false 450.0 0.0 ]
[ Brick_Wall_White_Small -1.0 -1080.0 378.0 0.5235987755982988 0.0 0.0 0.0 980.0 false 180.0 0.0 ]
[ Brick_Wall_White_Small -1.0 -1227.0 293.0 0.5235987755982988 0.0 0.0 0.0 980.0 false 180.0 0.0 ]
[ Brick_Wall_White_Small -1.0 -1363.0 214.0 0.5235987755982988 0.0 0.0 0.0 980.0 false 180.0 0.0 ]
[ Brick_Wall_White_Small -1.0 -1512.0 128.0 0.5235987755982988 0.0 0.0 0.0 980.0 false 180.0 0.0 ]
[ Wood_Post -1.0 -1181.0 264.0 0.5235987755982988 0.0 0.0 0.0 980.0 false 42.0 0.0 ]
[ Brick_Wall_White_Small -1.0 -1833.0 83.0 0.0 0.0 0.0 0.0 980.0 false 180.0 0.0 ]
[ Brick_Wall_White_Small -1.0 -2117.0 119.0 5.759586531581287 0.0 0.0 0.0 980.0 false 180.0 0.0 ]
[ Brick_Wall_White_Small -1.0 -2007.0 83.0 0.0 0.0 0.0 0.0 980.0 false 180.0 0.0 ]
[ Brick_Wall_White_Small -1.0 -2265.0 205.0 5.759586531581287 0.0 0.0 0.0 980.0 false 180.0 0.0 ]
[ WallMed -1.0 -1399.0 1610.0 0.0 0.0 0.0 0.0 980.0 false 450.0 0.0 ]
[ WallMedDestructed2 -1.0 -2381.0 1200.0 1.570796326794896 0.0 0.0 0.0 980.0 false 200.0 0.0 ]
[ Wood_Post -1.0 -1365.0 159.0 0.5235987755982988 0.0 0.0 0.0 980.0 false 42.0 0.0 ]
[ WallMed -1.0 -1822.0 921.0 0.0 0.0 0.0 0.0 980.0 false 450.0 0.0 ]
[ LightBulb1 4.0 -2048.0 1107.0 0.0 0.0 0.0 0.0 980.0 false 4.0 0.0 ]
[ LightBulb1 4.0 -1503.0 1107.0 0.0 0.0 0.0 0.0 980.0 false 4.0 0.0 ]
[ LightBulb1 4.0 -1047.0 1107.0 0.0 0.0 0.0 0.0 980.0 false 4.0 0.0 ]
[ LightBulb1 4.0 -465.0 1106.0 0.0 0.0 0.0 0.0 980.0 false 4.0 0.0 ]
[ WallMed -1.0 -2889.0 1600.0 0.0 0.0 0.0 0.0 980.0 false 450.0 0.0 ]
[ WallMed -1.0 -2721.0 1250.0 0.0 0.0 0.0 0.0 980.0 false 450.0 0.0 ]
[ WallMed4 -1.0 -2521.0 1260.0 1.5707963267948966 0.0 0.0 0.0 980.0 false 280.0 35.0 ]
[ Brick_Wall_White_Small -1.0 -1659.0 83.0 0.0 0.0 0.0 0.0 980.0 false 180.0 0.0 ]
[ Wood_Post -1.0 -1817.0 37.0 6.283185307179586 0.0 0.0 0.0 980.0 false 42.0 0.0 ]
[ WallMedDestructed2 -1.0 -2247.0 1488.0 0.0 0.0 0.0 0.0 980.0 false 200.0 0.0 ]
[ WallMed -1.0 -2602.0 1598.0 0.0 0.0 0.0 0.0 980.0 false 450.0 0.0 ]
[ WallMedDestructed3 -1.0 -2389.0 1354.0 0.0 0.0 0.0 0.0 980.0 false 200.0 0.0 ]
[ WallMed2 75.0 -2247.0 1487.0 0.0 0.0 0.0 0.0 980.0 false 280.0 35.0 ]
[ WallMed -1.0 -1730.0 1606.0 0.026179938779914397 0.0 0.0 0.0 980.0 false 450.0 0.0 ]
[ WallMed -1.0 -2181.0 1724.0 0.0 0.0 0.0 0.0 980.0 false 450.0 0.0 ]
[ WallMedDestructed3 -1.0 -2058.0 1492.0 4.7123889803846915 0.0 0.0 0.0 980.0 false 200.0 0.0 ]
[ Brick_Wall_White_Small -1.0 2168.0 412.0 0.0 0.0 0.0 0.0 980.0 false 180.0 0.0 ]
[ Brick_Wall_White_Small -1.0 2168.0 228.0 0.0 0.0 0.0 0.0 980.0 false 180.0 0.0 ]
[ WallMed4 -1.0 3149.0 -563.0 0.0 0.0 0.0 0.0 980.0 false 280.0 35.0 ]
[ WallMed4 -1.0 3149.0 -497.0 0.0 0.0 0.0 0.0 980.0 false 280.0 35.0 ]
[ WallMed4 -1.0 2914.0 -473.0 1.570796326794896 0.0 0.0 0.0 980.0 false 280.0 35.0 ]
[ WallMed1 -1.0 2766.0 -460.0 0.0 0.0 0.0 0.0 980.0 false 280.0 35.0 ]
[ WallMed1 -1.0 2766.0 -799.0 0.0 0.0 0.0 0.0 980.0 false 280.0 35.0 ]
[ WallMed1 -1.0 2827.0 -471.0 0.0 0.0 0.0 0.0 980.0 false 280.0 35.0 ]
[ WallMed1 -1.0 2766.0 -1138.0 0.0 0.0 0.0 0.0 980.0 false 280.0 35.0 ]
[ WallMed1 -1.0 2766.0 -1477.0 0.0 0.0 0.0 0.0 980.0 false 280.0 35.0 ]
[ WallMed2 -1.0 2709.0 -1709.0 6.283185307179586 0.0 0.0 0.0 980.0 false 280.0 35.0 ]
[ WallMed1 -1.0 2985.0 -1721.0 4.7123889803846915 0.0 0.0 0.0 980.0 false 280.0 35.0 ]
[ WallMed1 -1.0 3324.0 -1721.0 4.7123889803846915 0.0 0.0 0.0 980.0 false 280.0 35.0 ]
[ WallMed1 -1.0 3663.0 -1721.0 4.7123889803846915 0.0 0.0 0.0 980.0 false 280.0 35.0 ]
[ Wood_Post -1.0 3308.0 -1082.0 0.0 0.0 0.0 0.0 980.0 false 42.0 0.0 ]
[ Wood_Post -1.0 3776.0 -1082.0 0.0 0.0 0.0 0.0 980.0 false 42.0 0.0 ]
[ WallMed1 -1.0 3555.0 -1029.0 4.7123889803846915 0.0 0.0 0.0 980.0 false 280.0 35.0 ]
[ Wood_Post -1.0 4246.0 -1082.0 0.0 0.0 0.0 0.0 980.0 false 42.0 0.0 ]
[ WallMed1 -1.0 4233.0 -1029.0 4.7123889803846915 0.0 0.0 0.0 980.0 false 280.0 35.0 ]
[ WallMed1 -1.0 3894.0 -1029.0 4.7123889803846915 0.0 0.0 0.0 980.0 false 280.0 35.0 ]
[ Brick_Wall_Brown 24000.0 5936.0 -1340.0 0.0 0.0 0.0 0.0 980.0 false 450.0 0.0 ]
[ Brick_Wall_Brown 24000.0 5936.0 -1559.0 0.0 0.0 0.0 0.0 980.0 false 450.0 0.0 ]
[ WallMed1 -1.0 4001.0 -1721.0 4.7123889803846915 0.0 0.0 0.0 980.0 false 280.0 35.0 ]
[ WallMed1 -1.0 4340.0 -1721.0 4.7123889803846915 0.0 0.0 0.0 980.0 false 280.0 35.0 ]
[ WallMed1 -1.0 4679.0 -1721.0 4.7123889803846915 0.0 0.0 0.0 980.0 false 280.0 35.0 ]
[ WallMed1 -1.0 5357.0 -1721.0 4.7123889803846915 0.0 0.0 0.0 980.0 false 280.0 35.0 ]
[ Wood_Post -1.0 4993.0 -1648.0 4.7123889803846915 0.0 0.0 0.0 980.0 false 42.0 0.0 ]
[ Wood_Post -1.0 4718.0 -1082.0 0.0 0.0 0.0 0.0 980.0 false 42.0 0.0 ]
[ WallMed1 -1.0 4572.0 -1029.0 4.7123889803846915 0.0 0.0 0.0 980.0 false 280.0 35.0 ]
[ Wood_Post -1.0 5199.0 -1040.0 0.174532925199433 0.0 0.0 0.0 980.0 false 42.0 0.0 ]
[ WallMed1 -1.0 4911.0 -1029.0 4.7123889803846915 0.0 0.0 0.0 980.0 false 280.0 35.0 ]
[ WallMed1 -1.0 5250.0 -1029.0 4.7123889803846915 0.0 0.0 0.0 980.0 false 280.0 35.0 ]
[ WallMed1 -1.0 5589.0 -1029.0 4.7123889803846915 0.0 0.0 0.0 980.0 false 280.0 35.0 ]
[ WallMed1 -1.0 3227.0 -1029.0 4.7123889803846915 0.0 0.0 0.0 980.0 false 280.0 35.0 ]
[ Pipe -1.0 -1838.0 1584.0 0.0 0.0 0.0 0.0 980.0 false 180.0 0.0 ]
[ Pipe -1.0 -2378.0 1584.0 0.0 0.0 0.0 0.0 980.0 false 180.0 0.0 ]
[ Pipe_Joint2 -1.0 -2111.0 1587.0 0.0 0.0 0.0 0.0 980.0 false 180.0 0.0 ]
[ Pipe_Joint2 -1.0 -2652.0 1586.0 6.283185307179586 0.0 0.0 0.0 980.0 false 180.0 0.0 ]
[ Pipe -1.0 1491.0 1711.0 0.45378560551852554 0.0 0.0 0.0 980.0 false 180.0 0.0 ]
[ Pipe_Joint2 -1.0 1239.0 1591.0 0.2617993877991496 0.0 0.0 0.0 980.0 false 180.0 0.0 ]
[ WallMed -1.0 -3217.0 1271.0 0.0 0.0 0.0 0.0 980.0 false 450.0 0.0 ]
[ WallMed -1.0 -4067.0 921.0 0.0 0.0 0.0 0.0 980.0 false 450.0 0.0 ]
[ Brick_Wall_Red 24000.0 -2963.0 636.0 0.0 0.0 0.0 0.0 980.0 false 450.0 0.0 ]
[ Brick_Wall_Red 24000.0 -2963.0 417.0 0.0 0.0 0.0 0.0 980.0 false 450.0 0.0 ]
[ Wood_Post -1.0 -2575.0 110.0 3.3161255787892303 0.0 0.0 0.0 980.0 false 42.0 0.0 ]
[ Wood_Post -1.0 -3370.0 427.0 0.0 0.0 0.0 0.0 980.0 false 42.0 0.0 ]
[ WallMed -1.0 -3567.0 921.0 0.0 0.0 0.0 0.0 980.0 false 450.0 0.0 ]
[ DrankMachine -1.0 -3280.0 310.0 6.283185307179586 0.0 0.0 0.0 980.0 false 80.0 0.0 ]
[ DrankMachine -1.0 -3178.0 311.0 6.283185307179586 0.0 0.0 0.0 980.0 false 80.0 0.0 ]
[ DrankMachine -1.0 -3383.0 308.0 6.283185307179586 0.0 0.0 0.0 980.0 false 80.0 0.0 ]
[ WallMed -1.0 -3067.0 921.0 0.0 0.0 0.0 0.0 980.0 false 450.0 0.0 ]
[ WallMed -1.0 -4567.0 921.0 0.0 0.0 0.0 0.0 980.0 false 450.0 0.0 ]
[ WallMed -1.0 -5567.0 921.0 0.0 0.0 0.0 0.0 980.0 false 450.0 0.0 ]
[ WallMed -1.0 -6067.0 921.0 0.0 0.0 0.0 0.0 980.0 false 450.0 0.0 ]
[ WallMed -1.0 -3717.0 1271.0 0.0 0.0 0.0 0.0 980.0 false 450.0 0.0 ]
[ WallMed -1.0 -4217.0 1271.0 0.0 0.0 0.0 0.0 980.0 false 450.0 0.0 ]
[ WallMed -1.0 -4717.0 1271.0 0.0 0.0 0.0 0.0 980.0 false 450.0 0.0 ]
[ WallMed -1.0 -5217.0 1271.0 0.0 0.0 0.0 0.0 980.0 false 450.0 0.0 ]
[ WallMed -1.0 -5717.0 1271.0 0.0 0.0 0.0 0.0 980.0 false 450.0 0.0 ]
[ WallMed -1.0 -6217.0 1271.0 0.0 0.0 0.0 0.0 980.0 false 450.0 0.0 ]
[ Wood_Post_Short -1.0 -3062.0 -674.0 1.5707963267948966 0.0 0.0 0.0 980.0 false 16.0 0.0 ]
[ Wood_Post_Short -1.0 -3064.0 -556.0 1.5707963267948966 0.0 0.0 0.0 980.0 false 16.0 0.0 ]
[ Wood_Post_Short -1.0 -3065.0 -771.0 1.5707963267948966 0.0 0.0 0.0 980.0 false 16.0 0.0 ]
[ Wood_Post -1.0 -4888.0 424.0 0.0 0.0 0.0 0.0 980.0 false 42.0 0.0 ]
[ Wood_Post -1.0 -5388.0 424.0 0.0 0.0 0.0 0.0 980.0 false 42.0 0.0 ]
[ Brick_Wall_Red 24000.0 -5792.0 636.0 0.0 0.0 0.0 0.0 980.0 false 450.0 0.0 ]
[ Brick_Wall_Red 24000.0 -5792.0 417.0 0.0 0.0 0.0 0.0 980.0 false 450.0 0.0 ]
[ Brick_Wall_Red 24000.0 -5792.0 198.0 0.0 0.0 0.0 0.0 980.0 false 450.0 0.0 ]
[ Brick_Wall_Red 24000.0 -5792.0 -21.0 0.0 0.0 0.0 0.0 980.0 false 450.0 0.0 ]
[ Brick_Wall_Red 24000.0 -5792.0 -240.0 0.0 0.0 0.0 0.0 980.0 false 450.0 0.0 ]
[ Brick_Wall_Red 24000.0 -5792.0 -459.0 0.0 0.0 0.0 0.0 980.0 false 450.0 0.0 ]
[ Wood_Post -1.0 -5386.0 105.0 0.0 0.0 0.0 0.0 980.0 false 42.0 0.0 ]
[ 11UpMachine -1.0 -5276.0 257.0 4.71238898038469 0.0 0.0 0.0 980.0 false 80.0 0.0 ]
[ DrankMachine -1.0 -5121.0 307.0 6.283185307179586 0.0 0.0 0.0 980.0 false 80.0 0.0 ]
[ Pipe -1.0 923.0 1591.0 6.230825429619754 0.0 0.0 0.0 980.0 false 180.0 0.0 ]
[ Pipe_Joint -1.0 642.0 1604.0 0.0 0.0 0.0 0.0 980.0 false 180.0 0.0 ]
[ Pipe_Joint -1.0 1200.0 1582.0 0.12217304763960259 0.0 0.0 0.0 980.0 false 180.0 0.0 ]
[ Pipe -1.0 -1304.0 1597.0 0.03490658503988659 0.0 0.0 0.0 980.0 false 180.0 0.0 ]
[ Pipe_Joint -1.0 -1037.0 1605.0 6.283185307179581 0.0 0.0 0.0 980.0 false 180.0 0.0 ]
[ Pipe_Joint -1.0 -1565.0 1588.0 6.283185307179581 0.0 0.0 0.0 980.0 false 180.0 0.0 ]
[ WallMed1 -1.0 3266.0 420.0 1.570796326794896 0.0 0.0 0.0 980.0 false 280.0 35.0 ]
[ WallMed1 -1.0 3605.0 420.0 1.570796326794896 0.0 0.0 0.0 980.0 false 280.0 35.0 ]
[ WallMed1 -1.0 5889.0 -1029.0 4.7123889803846915 0.0 0.0 0.0 980.0 false 280.0 35.0 ]
[ Brick_Wall_Brown 24000.0 5936.0 -1121.0 0.0 0.0 0.0 0.0 980.0 false 450.0 0.0 ]
[ WallMed -1.0 3678.0 921.0 0.0 0.0 0.0 0.0 980.0 false 450.0 0.0 ]
[ WallMed -1.0 1678.0 921.0 0.0 0.0 0.0 0.0 980.0 false 450.0 0.0 ]
[ WallMed -1.0 1178.0 921.0 0.0 0.0 0.0 0.0 980.0 false 450.0 0.0 ]
[ WallMed -1.0 4117.0 921.0 0.0 0.0 0.0 0.0 980.0 false 450.0 0.0 ]
[ WallMed -1.0 4069.0 1621.0 0.0 0.0 0.0 0.0 980.0 false 450.0 0.0 ]
[ WallMed -1.0 4569.0 1621.0 0.0 0.0 0.0 0.0 980.0 false 450.0 0.0 ]
[ WallMed -1.0 5069.0 1621.0 0.0 0.0 0.0 0.0 980.0 false 450.0 0.0 ]
[ Pipe -1.0 5671.0 -711.0 4.7123889803846915 0.0 0.0 0.0 980.0 false 180.0 0.0 ]
[ WallMed -1.0 2678.0 921.0 0.0 0.0 0.0 0.0 980.0 false 450.0 0.0 ]
[ WallMed -1.0 2178.0 921.0 0.0 0.0 0.0 0.0 980.0 false 450.0 0.0 ]
[ WallMed1 -1.0 2588.0 420.0 1.570796326794896 0.0 0.0 0.0 980.0 false 280.0 35.0 ]
[ Brick_Wall_Brown 24000.0 2261.0 360.0 0.0 0.0 0.0 0.0 980.0 false 450.0 0.0 ]
[ WallMed -1.0 2601.0 1610.0 0.0 0.0 0.0 0.0 980.0 false 450.0 0.0 ]
[ WallMed1 -1.0 5745.0 -147.0 0.0 0.0 0.0 0.0 980.0 false 280.0 35.0 ]
[ WallMed1 -1.0 5745.0 -486.0 0.0 0.0 0.0 0.0 980.0 false 280.0 35.0 ]
[ WallMed1 -1.0 5745.0 -825.0 0.0 0.0 0.0 0.0 980.0 false 280.0 35.0 ]
[ Brick_Wall_Brown 24000.0 5936.0 193.0 0.0 0.0 0.0 0.0 980.0 false 450.0 0.0 ]
[ Brick_Wall_Brown 24000.0 5936.0 -26.0 0.0 0.0 0.0 0.0 980.0 false 450.0 0.0 ]
[ Brick_Wall_Brown 24000.0 5936.0 -246.0 0.0 0.0 0.0 0.0 980.0 false 450.0 0.0 ]
[ Brick_Wall_Brown 24000.0 5936.0 -464.0 0.0 0.0 0.0 0.0 980.0 false 450.0 0.0 ]
[ Brick_Wall_Brown 24000.0 5936.0 -683.0 0.0 0.0 0.0 0.0 980.0 false 450.0 0.0 ]
[ Brick_Wall_Brown 24000.0 5936.0 -902.0 0.0 0.0 0.0 0.0 980.0 false 450.0 0.0 ]
[ Pipe_Joint2 -1.0 5673.0 -978.0 4.7123889803846915 0.0 0.0 0.0 980.0 false 180.0 0.0 ]
[ Pipe_Joint -1.0 5672.0 35.0 4.7123889803846915 0.0 0.0 0.0 980.0 false 180.0 0.0 ]
[ Pipe -1.0 5663.0 808.0 4.7123889803846915 0.0 0.0 0.0 980.0 false 180.0 0.0 ]
[ Pipe_Joint2 -1.0 5662.0 531.0 4.7123889803846915 0.0 0.0 0.0 980.0 false 180.0 0.0 ]
[ Pipe_Joint2 -1.0 5662.0 1071.0 4.886921905584124 0.0 0.0 0.0 980.0 false 180.0 0.0 ]
[ Pipe -1.0 5164.0 1670.0 6.1261056745000975 0.0 0.0 0.0 980.0 false 180.0 0.0 ]
[ Pipe_Joint -1.0 5436.0 1625.0 5.934119456780721 0.0 0.0 0.0 980.0 false 180.0 0.0 ]
[ Pipe_Joint2 -1.0 5465.0 1606.0 5.585053606381855 0.0 0.0 0.0 980.0 false 180.0 0.0 ]
[ Wood_Post_Short -1.0 -2402.0 1083.0 1.5707963267948966 0.0 0.0 0.0 980.0 false 16.0 0.0 ]
[ Wood_Post_Short -1.0 -2401.0 1030.0 1.5707963267948966 0.0 0.0 0.0 980.0 false 16.0 0.0 ]
[ Wood_Post_Short -1.0 -2399.0 974.0 1.5707963267948966 0.0 0.0 0.0 980.0 false 16.0 0.0 ]
[ Wood_Post_Short -1.0 -2396.0 923.0 1.5707963267948966 0.0 0.0 0.0 980.0 false 16.0 0.0 ]
[ Wood_Post_Short -1.0 -2395.0 868.0 1.5707963267948966 0.0 0.0 0.0 980.0 false 16.0 0.0 ]
[ Wood_Post_Short -1.0 -2395.0 814.0 1.5707963267948966 0.0 0.0 0.0 980.0 false 16.0 0.0 ]
[ WallMed2 -1.0 2347.0 -135.0 0.0 0.0 0.0 0.0 980.0 false 280.0 35.0 ]
[ WallMed2 -1.0 2347.0 -10.0 0.0 0.0 0.0 0.0 980.0 false 280.0 35.0 ]
[ Brick_Wall_Brown 24000.0 2262.0 -77.0 0.0 0.0 0.0 0.0 980.0 false 450.0 0.0 ]
[ Brick_Wall_Brown 24000.0 2262.0 -297.0 0.0 0.0 0.0 0.0 980.0 false 450.0 0.0 ]
[ Brick_Wall_Brown 24000.0 2262.0 141.0 0.0 0.0 0.0 0.0 980.0 false 450.0 0.0 ]
[ WallMed2 -1.0 2347.0 -474.0 0.0 0.0 0.0 0.0 980.0 false 280.0 35.0 ]
[ WallMed2 -1.0 2347.0 -724.0 0.0 0.0 0.0 0.0 980.0 false 280.0 35.0 ]
[ WallMed2 -1.0 2347.0 -974.0 0.0 0.0 0.0 0.0 980.0 false 280.0 35.0 ]
[ WallMed2 -1.0 2347.0 -1224.0 0.0 0.0 0.0 0.0 980.0 false 280.0 35.0 ]
[ WallMed2 -1.0 2347.0 -1474.0 0.0 0.0 0.0 0.0 980.0 false 280.0 35.0 ]
[ Brick_Wall_Brown 24000.0 2262.0 -1611.0 0.0 0.0 0.0 0.0 980.0 false 450.0 0.0 ]
[ Brick_Wall_Brown 24000.0 2262.0 -1392.0 0.0 0.0 0.0 0.0 980.0 false 450.0 0.0 ]
[ Brick_Wall_Brown 24000.0 2262.0 -1173.0 0.0 0.0 0.0 0.0 980.0 false 450.0 0.0 ]
[ Brick_Wall_Brown 24000.0 2262.0 -954.0 0.0 0.0 0.0 0.0 980.0 false 450.0 0.0 ]
[ Brick_Wall_Brown 24000.0 2262.0 -735.0 0.0 0.0 0.0 0.0 980.0 false 450.0 0.0 ]
[ Brick_Wall_Brown 24000.0 2262.0 -516.0 0.0 0.0 0.0 0.0 980.0 false 450.0 0.0 ]
[ WallMed -1.0 -5067.0 921.0 0.0 0.0 0.0 0.0 980.0 false 450.0 0.0 ]
[ Wood_Post_Short -1.0 -2895.0 75.0 1.3439035240356363 0.0 0.0 0.0 980.0 false 16.0 0.0 ]
[ Wood_Post_Short -1.0 -3063.0 -483.0 1.282817000215838 0.0 0.0 0.0 980.0 false 16.0 0.0 ]
[ Wood_Post_Short -1.0 -3064.0 -391.0 1.7016960206944725 0.0 0.0 0.0 980.0 false 16.0 0.0 ]
[ Wood_Post_Short -1.0 -3063.0 -327.0 1.5620696805349277 0.0 0.0 0.0 980.0 false 16.0 0.0 ]
[ Wood_Post_Short -1.0 -3062.0 -511.0 1.5707963267948966 0.0 0.0 0.0 980.0 false 16.0 0.0 ]
[ Wood_Post_Short -1.0 -3062.0 -601.0 1.8325957145940457 0.0 0.0 0.0 980.0 false 16.0 0.0 ]
[ Brick_Wall_Red 24000.0 -2963.0 -678.0 0.0 0.0 0.0 0.0 980.0 false 450.0 0.0 ]
[ Brick_Wall_Red 24000.0 -2963.0 -459.0 0.0 0.0 0.0 0.0 980.0 false 450.0 0.0 ]
[ Wood_Post_Short -1.0 -3066.0 -290.0 1.2130038301360622 0.0 0.0 0.0 980.0 false 16.0 0.0 ]
[ Brick_Wall_Red 24000.0 -2963.0 -371.0 0.0 0.0 0.0 0.0 980.0 false 450.0 0.0 ]
[ Pipe_Joint -1.0 5653.0 1108.0 5.061454830783557 0.0 0.0 0.0 980.0 false 180.0 0.0 ]
[ WallMed -1.0 5362.0 1271.0 0.0 0.0 0.0 0.0 980.0 false 450.0 0.0 ]
[ Pipe -1.0 5561.0 1354.0 5.061454830783557 0.0 0.0 0.0 980.0 false 180.0 0.0 ]
[ WallMedDestructed5 -1.0 5031.0 1293.0 4.7123889803846915 0.0 0.0 0.0 980.0 false 200.0 0.0 ]
[ Pipe -1.0 4644.0 1826.0 5.846852994180994 0.0 0.0 0.0 980.0 false 180.0 0.0 ]
[ Pipe_Joint -1.0 4867.0 1724.0 5.881759579220889 0.0 0.0 0.0 980.0 false 180.0 0.0 ]
[ Pipe_Joint2 -1.0 4901.0 1713.0 6.117379028240147 0.0 0.0 0.0 980.0 false 180.0 0.0 ]
[ Wood_Post 60.0 1961.0 1511.0 0.0 0.0 0.0 0.0 980.0 false 42.0 0.0 ]
[ WallMed -1.0 -3389.0 1600.0 0.0 0.0 0.0 0.0 980.0 false 450.0 0.0 ]
[ WallMed1 -1.0 3944.0 420.0 1.570796326794896 0.0 0.0 0.0 980.0 false 280.0 35.0 ]
[ Wood_Post -1.0 5411.0 -348.0 0.0 0.0 0.0 0.0 980.0 false 42.0 0.0 ]
[ Pipe -1.0 5671.0 -247.0 4.7123889803846915 0.0 0.0 0.0 980.0 false 180.0 0.0 ]
[ Wood_Post_Short 60.0 4658.0 -504.0 1.0471975511965976 0.0 0.0 0.0 980.0 false 16.0 0.0 ]
[ WallMed1 -1.0 4439.0 -490.0 1.570796326794896 0.0 0.0 0.0 980.0 false 280.0 35.0 ]
[ Wood_Post_Short 60.0 4679.0 -600.0 2.007128639793478 0.0 0.0 0.0 980.0 false 16.0 0.0 ]
[ Wood_Post -1.0 4707.0 -553.0 3.141592653589791 0.0 0.0 0.0 980.0 false 42.0 0.0 ]
[ WallMed5 -1.0 4454.0 -557.0 0.0 0.0 0.0 0.0 980.0 false 280.0 35.0 ]
[ WallMedDestructed3 -1.0 88.0 828.0 0.0 0.0 0.0 0.0 980.0 false 200.0 0.0 ]
[ Brick_Wall_Gray_Small -1.0 5428.0 77.0 0.0 0.0 0.0 0.0 980.0 false 180.0 0.0 ]
[ Brick_Wall_Gray_Small -1.0 5254.0 77.0 0.0 0.0 0.0 0.0 980.0 false 180.0 0.0 ]
[ Brick_Wall_Gray_Small -1.0 5080.0 77.0 0.0 0.0 0.0 0.0 980.0 false 180.0 0.0 ]
[ Brick_Wall_Gray_Small -1.0 4906.0 77.0 0.0 0.0 0.0 0.0 980.0 false 180.0 0.0 ]
[ Brick_Wall_Gray_Small -1.0 4732.0 77.0 0.0 0.0 0.0 0.0 980.0 false 180.0 0.0 ]
[ Brick_Wall_Gray_Small -1.0 4558.0 77.0 0.0 0.0 0.0 0.0 980.0 false 180.0 0.0 ]
[ Brick_Wall_Gray_Small -1.0 4384.0 77.0 0.0 0.0 0.0 0.0 980.0 false 180.0 0.0 ]
[ Brick_Wall_Gray_Small -1.0 4210.0 77.0 0.0 0.0 0.0 0.0 980.0 false 180.0 0.0 ]
[ Brick_Wall_Gray_Small -1.0 4036.0 77.0 0.0 0.0 0.0 0.0 980.0 false 180.0 0.0 ]
[ Brick_Wall_Gray_Small -1.0 3862.0 77.0 0.0 0.0 0.0 0.0 980.0 false 180.0 0.0 ]
[ Brick_Wall_Gray_Small -1.0 3688.0 77.0 0.0 0.0 0.0 0.0 980.0 false 180.0 0.0 ]
[ Brick_Wall_Gray_Small -1.0 3514.0 77.0 0.0 0.0 0.0 0.0 980.0 false 180.0 0.0 ]
[ Air_Conditioner -1.0 -2668.0 689.0 0.0 0.0 0.0 0.0 980.0 false 80.0 0.0 ]
[ Pipe -1.0 -2450.0 572.0 1.5707963267948966 0.0 0.0 0.0 980.0 false 180.0 0.0 ]
[ Brick_Wall_White_Small -1.0 -2414.0 291.0 5.759586531581287 0.0 0.0 0.0 980.0 false 180.0 0.0 ]
[ Wood_Post -1.0 -2278.0 159.0 2.6179938779914904 0.0 0.0 0.0 980.0 false 42.0 0.0 ]
[ Wood_Post -1.0 -2304.0 175.0 5.75958653158128 0.0 0.0 0.0 980.0 false 42.0 0.0 ]
[ WallMed -1.0 -2598.0 921.0 0.0 0.0 0.0 0.0 980.0 false 450.0 0.0 ]
[ Fan_Small_4 -1.0 -2659.0 716.0 0.0 0.0 0.0 -4.0 980.0 false 10.0 0.0 ]
[ Fan_Small_4 -1.0 -2715.0 716.0 0.0 0.0 0.0 -7.0 980.0 false 10.0 0.0 ]
[ ExplosiveBarrel 80.0 -2245.0 1373.0 1.5707963267948966 0.0 0.0 0.0 980.0 false 80.0 0.0 ]
[ Wood_Post_Short 2.0 -2133.0 1389.0 2.722713633111141 0.0 0.0 0.0 980.0 false 1.0 70.0 ]
[ Wood_Post_Short 2.0 -2252.0 1313.0 1.5707963267948966 0.0 0.0 0.0 980.0 false 1.0 70.0 ]
[ WallMed4 80.0 -2394.0 1263.0 1.5707963267948966 0.0 0.0 0.0 980.0 false 280.0 35.0 ]
[ WallMed2 75.0 -2063.0 1487.0 0.0 0.0 0.0 0.0 980.0 false 280.0 35.0 ]
[ PTM4_Freelancer Weapon 135 45 [ PTM4_Freelancer 1000.0 -5380.0 -39.0 6.283185307179586 0.0 0.0 0.0 980.0 false 0.0 0.0 ] ]
[ Brick_Wall_White_Small -1.0 1994.0 228.0 0.0 0.0 0.0 0.0 980.0 false 180.0 0.0 ]
[ Brick_Wall_White_Small -1.0 1820.0 228.0 0.0 0.0 0.0 0.0 980.0 false 180.0 0.0 ]
[ WallMed3 -1.0 -23.0 828.0 0.0 0.0 0.0 0.0 980.0 false 280.0 35.0 ]
[ Big_Rock -1.0 564.0 784.0 0.4799655442984412 0.0 0.0 0.0 980.0 false 260.0 0.0 ]
[ WallMed -1.0 678.0 921.0 0.0 0.0 0.0 0.0 980.0 false 450.0 0.0 ]
[ WallMedDestructed5 -1.0 292.0 829.0 0.0 0.0 0.0 0.0 980.0 false 200.0 0.0 ]
[ Big_Rock -1.0 -553.0 799.0 0.5846852994181011 0.0 0.0 0.0 980.0 false 260.0 0.0 ]
[ WallMed -1.0 -322.0 921.0 0.0 0.0 0.0 0.0 980.0 false 450.0 0.0 ]
[ WallMed -1.0 -822.0 921.0 0.0 0.0 0.0 0.0 980.0 false 450.0 0.0 ]
[ Air_Conditioner -1.0 -5752.0 -842.0 0.0 0.0 0.0 0.0 980.0 false 80.0 0.0 ]
[ Fan_Small_8 -1.0 -5798.0 -815.0 0.0 0.0 0.0 1.0 980.0 false 10.0 0.0 ]
[ Fan_Small_8 -1.0 -5744.0 -815.0 0.0 0.0 0.0 0.3 980.0 false 10.0 0.0 ]
[ Brick_Wall_Red 24000.0 -5477.0 -678.0 0.0 0.0 0.0 0.0 980.0 false 450.0 0.0 ]
[ Brick_Wall_Red 24000.0 -5162.0 -678.0 0.0 0.0 0.0 0.0 980.0 false 450.0 0.0 ]
[ Brick_Wall_Red 24000.0 -4847.0 -678.0 0.0 0.0 0.0 0.0 980.0 false 450.0 0.0 ]
[ Brick_Wall_Red 24000.0 -4532.0 -678.0 0.0 0.0 0.0 0.0 980.0 false 450.0 0.0 ]
[ Brick_Wall_Red 24000.0 -4217.0 -678.0 0.0 0.0 0.0 0.0 980.0 false 450.0 0.0 ]
[ Brick_Wall_Red 24000.0 -3902.0 -678.0 0.0 0.0 0.0 0.0 980.0 false 450.0 0.0 ]
[ Brick_Wall_Red 24000.0 -3587.0 -678.0 0.0 0.0 0.0 0.0 980.0 false 450.0 0.0 ]
[ CracksBig -1.0 344.0 802.0 5.323254218582706 0.0 0.0 0.0 980.0 true 0.0 0.0 ]
[ CracksBig -1.0 294.0 853.0 5.532693728822027 0.0 0.0 0.0 980.0 true 0.0 0.0 ]
[ CracksBig -1.0 239.0 874.0 1.378810109075552 0.0 0.0 0.0 980.0 true 0.0 0.0 ]
[ CracksBig -1.0 57.0 812.0 6.091199089460242 0.0 0.0 0.0 980.0 true 0.0 0.0 ]
[ CracksBig -1.0 141.0 900.0 0.06981317007980516 0.0 0.0 0.0 980.0 true 0.0 0.0 ]
[ CracksMed -1.0 69.0 887.0 0.7853981633974483 0.0 0.0 0.0 980.0 true 0.0 0.0 ]
[ CracksMed -1.0 295.0 907.0 4.974188368183841 0.0 0.0 0.0 980.0 true 0.0 0.0 ]
[ CracksMed -1.0 170.0 951.0 5.497787143782139 0.0 0.0 0.0 980.0 true 0.0 0.0 ]
[ CracksMed -1.0 406.0 825.0 3.7524578917878113 0.0 0.0 0.0 980.0 true 0.0 0.0 ]
[ DrankMachine -1.0 2866.0 -740.0 0.0 0.0 0.0 0.0 980.0 false 80.0 0.0 ]
[ WallMed1 -1.0 5018.0 -1721.0 4.7123889803846915 0.0 0.0 0.0 980.0 false 280.0 35.0 ]
[ Pipe -1.0 1933.0 2095.0 0.9512044423369101 0.0 0.0 0.0 980.0 false 180.0 0.0 ]
[ Pipe -1.0 2062.0 1823.0 6.213372137099809 0.0 0.0 0.0 980.0 false 180.0 0.0 ]
[ Pipe_Joint2 -1.0 1789.0 1844.0 6.1173790282401175 0.0 0.0 0.0 980.0 false 180.0 0.0 ]
[ Pipe_Joint -1.0 1742.0 1840.0 0.6981317007977318 0.0 0.0 0.0 980.0 false 180.0 0.0 ]
[ Pipe_Joint2 -1.0 1769.0 1865.0 0.9075712110370519 0.0 0.0 0.0 980.0 false 180.0 0.0 ]
[ Pipe_Joint -1.0 2331.0 1809.0 0.1745329251994322 0.0 0.0 0.0 980.0 false 180.0 0.0 ]
[ Pipe -1.0 2589.0 1995.0 0.6894050545377604 0.0 0.0 0.0 980.0 false 180.0 0.0 ]
[ Pipe_Joint2 -1.0 2372.0 1822.0 0.4188790204786389 0.0 0.0 0.0 980.0 false 180.0 0.0 ]
[ 11UpMachine -1.0 5679.0 -1129.0 1.5707963267948966 0.0 0.0 0.0 980.0 false 80.0 0.0 ]
[ Wood_Crate_Small 100.0 5726.0 -1229.0 0.0 0.0 0.0 0.0 0.0 true 30.0 0.0 ]
[ DrankMachine -1.0 5619.0 -1292.0 0.36651914291880905 0.0 0.0 0.0 980.0 false 80.0 0.0 ]
[ DrankMachinePurple -1.0 5493.0 -1180.0 0.0 0.0 0.0 0.0 980.0 false 80.0 0.0 ]
[ DrankMachinePurple -1.0 5708.0 -1473.0 0.3054326190990079 0.0 0.0 0.0 980.0 false 80.0 0.0 ]
[ WallMed1 -1.0 5018.0 -1821.0 4.7123889803846915 0.0 0.0 0.0 980.0 false 280.0 35.0 ]
[ WallMed1 -1.0 5018.0 -1919.0 4.7123889803846915 0.0 0.0 0.0 980.0 false 280.0 35.0 ]
[ Brick_Wall_Brown 24000.0 2261.0 -1831.0 0.0 0.0 0.0 0.0 980.0 false 450.0 0.0 ]
[ Brick_Wall_Brown 24000.0 2261.0 -2050.0 0.0 0.0 0.0 0.0 980.0 false 450.0 0.0 ]
[ Brick_Wall_Brown 24000.0 2261.0 -2269.0 0.0 0.0 0.0 0.0 980.0 false 450.0 0.0 ]
[ Brick_Wall_Brown 24000.0 2576.0 -2269.0 0.0 0.0 0.0 0.0 980.0 false 450.0 0.0 ]
[ Brick_Wall_Brown 24000.0 2891.0 -2269.0 0.0 0.0 0.0 0.0 980.0 false 450.0 0.0 ]
[ Wood_Post -1.0 -5049.0 121.0 6.230825429619754 0.0 0.0 0.0 980.0 false 42.0 0.0 ]
[ Wood_Post -1.0 -3120.0 107.0 0.0 0.0 0.0 0.0 980.0 false 42.0 0.0 ]
[ Brick_Wall_Red 24000.0 -2962.0 198.0 0.0 0.0 0.0 0.0 980.0 false 450.0 0.0 ]
[ Wood_Post -1.0 -4283.0 -125.0 6.161012259539978 0.0 0.0 0.0 980.0 false 42.0 0.0 ]
[ Wood_Post -1.0 -3797.0 -153.0 0.0 0.0 0.0 0.0 980.0 false 42.0 0.0 ]
[ WallMed -1.0 3101.0 1610.0 0.0 0.0 0.0 0.0 980.0 false 450.0 0.0 ]
[ WallMed -1.0 5069.0 1971.0 0.0 0.0 0.0 0.0 980.0 false 450.0 0.0 ]
[ WallMed -1.0 3569.0 1957.0 0.0 0.0 0.0 0.0 980.0 false 450.0 0.0 ]
[ WallMedDestructed3 -1.0 -124.0 1517.0 0.0 0.0 0.0 0.0 980.0 false 200.0 0.0 ]
[ WallMed -1.0 563.0 1820.0 0.0 0.0 0.0 0.0 980.0 false 450.0 0.0 ]
[ WallMed -1.0 1109.0 1956.0 0.0 0.0 0.0 0.0 980.0 false 450.0 0.0 ]
[ WallMed -1.0 609.0 2164.0 0.0 0.0 0.0 0.0 980.0 false 450.0 0.0 ]
[ Big_Rock -1.0 275.0 2031.0 0.8639379797371919 0.0 0.0 0.0 980.0 false 260.0 0.0 ]
[ Big_Rock -1.0 113.0 2096.0 0.25307274153917647 0.0 0.0 0.0 980.0 false 260.0 0.0 ]
[ Wood_Post_Short -1.0 201.0 1708.0 1.562069680534925 0.0 0.0 0.0 980.0 false 16.0 0.0 ]
[ WallMedDestructed1 -1.0 266.0 1811.0 3.141592653589793 0.0 0.0 0.0 980.0 false 200.0 0.0 ]
[ WallMedDestructed2 -1.0 297.0 1539.0 4.7123889803846915 0.0 0.0 0.0 980.0 false 200.0 0.0 ]
[ WallMedDestructed1 -1.0 -138.0 1659.0 0.0 0.0 0.0 0.0 980.0 false 200.0 0.0 ]
[ WallMed1 -1.0 837.0 1905.0 0.0 0.0 0.0 0.0 980.0 false 280.0 35.0 ]
[ WallMed1 -1.0 -348.0 1781.0 1.5707963267948966 0.0 0.0 0.0 980.0 false 280.0 35.0 ]
[ Wood_Post_Short -1.0 32.0 2024.0 1.2479104151759493 0.0 0.0 0.0 980.0 false 16.0 0.0 ]
[ Wood_Post_Short -1.0 -121.0 2083.0 1.1780972450961813 0.0 0.0 0.0 980.0 false 16.0 0.0 ]
[ Wood_Post -1.0 -448.0 2130.0 0.0 0.0 0.0 0.0 980.0 false 42.0 0.0 ]
[ Pipe -1.0 -991.0 2142.0 4.440892098500626E-15 0.0 0.0 0.0 980.0 false 180.0 0.0 ]
[ Pipe_Joint -1.0 -718.0 2146.0 0.2007128639793483 0.0 0.0 0.0 980.0 false 180.0 0.0 ]
[ Pipe -1.0 -464.0 2322.0 0.671951762017822 0.0 0.0 0.0 980.0 false 180.0 0.0 ]
[ Pipe_Joint2 -1.0 -681.0 2158.0 0.41015237421867523 0.0 0.0 0.0 980.0 false 180.0 0.0 ]
[ Pipe_Joint -1.0 -249.0 2490.0 0.514872129338328 0.0 0.0 0.0 980.0 false 180.0 0.0 ]
[ Pipe_Joint2 -1.0 -210.0 2501.0 0.18325957145941207 0.0 0.0 0.0 980.0 false 180.0 0.0 ]
[ WallMed -1.0 354.0 2634.0 0.0 0.0 0.0 0.0 980.0 false 450.0 0.0 ]
[ WallMed -1.0 854.0 2634.0 0.0 0.0 0.0 0.0 980.0 false 450.0 0.0 ]
[ WallMed -1.0 854.0 2284.0 0.0 0.0 0.0 0.0 980.0 false 450.0 0.0 ]
[ Pipe -1.0 63.0 2515.0 0.04363323129986352 0.0 0.0 0.0 980.0 false 180.0 0.0 ]
[ Pipe -1.0 -460.0 1876.0 1.570796326794896 0.0 0.0 0.0 980.0 false 180.0 0.0 ]
[ Pipe -1.0 -1527.0 2141.0 4.440892098500626E-15 0.0 0.0 0.0 980.0 false 180.0 0.0 ]
[ WoodTable 60.0 -1714.0 699.0 0.0 0.0 0.0 0.0 980.0 false 30.0 0.0 ]
[ WoodTable 60.0 -1507.0 702.0 0.0 0.0 0.0 0.0 980.0 false 30.0 0.0 ]
[ WoodTable 60.0 -1294.0 695.0 0.0 0.0 0.0 0.0 980.0 false 30.0 0.0 ]
[ WoodTable 60.0 2713.0 691.0 0.0 0.0 0.0 0.0 980.0 false 30.0 0.0 ]
[ WoodTable 60.0 3555.0 295.0 0.0 0.0 0.0 0.0 980.0 false 30.0 0.0 ]
[ WoodTable 60.0 4141.0 -32.0 0.0 0.0 0.0 0.0 980.0 false 30.0 0.0 ]
[ WoodTable 60.0 5224.0 -17.0 0.0 0.0 0.0 0.0 980.0 false 30.0 0.0 ]
[ WoodTable 60.0 3250.0 -1161.0 0.0 0.0 0.0 0.0 980.0 false 30.0 0.0 ]
[ WoodTable 60.0 3741.0 -1174.0 0.0 0.0 0.0 0.0 980.0 false 30.0 0.0 ]
[ WoodTable 60.0 4270.0 -1180.0 0.0 0.0 0.0 0.0 980.0 false 30.0 0.0 ]
[ WoodTable 60.0 4823.0 -1191.0 0.0 0.0 0.0 0.0 980.0 false 30.0 0.0 ]
[ ExplosiveBarrel 80.0 4545.0 -1202.0 0.0 0.0 0.0 0.0 980.0 false 80.0 0.0 ]
[ LampBlue 8.0 3731.0 -1264.0 0.0 0.0 0.0 0.0 980.0 false 15.0 0.0 ]
[ LampBlue 8.0 3219.0 -1264.0 0.0 0.0 0.0 0.0 980.0 false 15.0 0.0 ]
[ LampBlue 8.0 4809.0 -1289.0 0.0 0.0 0.0 0.0 980.0 false 15.0 0.0 ]
[ NapkinDispencer 8.0 3779.0 -1239.0 0.0 0.0 0.0 0.0 980.0 false 10.0 0.0 ]
[ NapkinDispencer 8.0 4852.0 -1264.0 0.0 0.0 0.0 0.0 980.0 false 10.0 0.0 ]
[ NapkinDispencer 8.0 4319.0 -1245.0 0.0 0.0 0.0 0.0 980.0 false 10.0 0.0 ]
[ NapkinDispencer 8.0 4240.0 -1250.0 0.0 0.0 0.0 0.0 980.0 false 10.0 0.0 ]
[ Wood_Crate_Small 100.0 4410.0 -1174.0 0.0 0.0 0.0 0.0 980.0 false 30.0 0.0 ]
[ Trash_Can 185.0 3860.0 -1858.0 0.0 0.0 0.0 0.0 980.0 false 40.0 0.0 ]
[ Beach_Ball 3.0 -4307.0 -189.0 0.0 0.0 0.0 0.0 980.0 false 2.0 0.0 ]
[ ExplosiveBarrel 80.0 -3790.0 669.0 0.0 0.0 0.0 0.0 980.0 false 80.0 0.0 ]
[ LampBlue 8.0 -4929.0 365.0 0.0 0.0 0.0 0.0 980.0 false 15.0 0.0 ]
[ NapkinDispencer 8.0 -3641.0 -190.0 0.0 0.0 0.0 0.0 980.0 false 10.0 0.0 ]
[ Wood_Crate_Small 100.0 -5151.0 -847.0 0.0 0.0 0.0 0.0 980.0 false 30.0 0.0 ]
[ Wood_Crate_Small 100.0 -5040.0 -852.0 0.0 0.0 0.0 0.0 980.0 false 30.0 0.0 ]
[ Wood_Crate_Small 100.0 -5095.0 -973.0 0.0 0.0 0.0 0.0 980.0 false 30.0 0.0 ]
[ Pipe -1.0 -5924.0 -1035.0 1.570796326794896 0.0 0.0 0.0 980.0 false 180.0 0.0 ]
[ Brick_Wall_Red 24000.0 -5792.0 -678.0 0.0 0.0 0.0 0.0 980.0 false 450.0 0.0 ]
[ Pipe_Joint -1.0 -5928.0 -1310.0 1.570796326794896 0.0 0.0 0.0 980.0 false 180.0 0.0 ]
[ Wood_Crate_Small 100.0 2495.0 303.0 0.0 0.0 0.0 0.0 980.0 false 30.0 0.0 ]
[ Wood_Crate_Small 100.0 2500.0 193.0 0.0 0.0 0.0 0.0 980.0 false 30.0 0.0 ]
[ Wood_Crate_Small 100.0 2608.0 306.0 0.0 0.0 0.0 0.0 980.0 false 30.0 0.0 ]
[ LampBlue 8.0 4093.0 -126.0 0.0 0.0 0.0 0.0 980.0 false 15.0 0.0 ]
[ NapkinDispencer 8.0 3508.0 228.0 0.0 0.0 0.0 0.0 980.0 false 10.0 0.0 ]
[ NapkinDispencer 8.0 5238.0 -94.0 0.0 0.0 0.0 0.0 980.0 false 10.0 0.0 ]
[ NapkinDispencer 8.0 2855.0 -873.0 0.0 0.0 0.0 0.0 980.0 false 10.0 0.0 ]
[ Trash_Can 185.0 5093.0 -1137.0 0.0 0.0 0.0 0.0 980.0 false 40.0 0.0 ]
[ Wood_Post 60.0 2908.0 1263.0 0.6981317007977318 0.0 0.0 0.0 980.0 false 42.0 0.0 ]
[ Wood_Post 60.0 2621.0 1265.0 2.4696408915719736 0.0 0.0 0.0 980.0 false 42.0 0.0 ]
[ LightBulb1 4.0 4380.0 1104.0 5.934119456780721 0.0 0.0 0.0 980.0 false 4.0 0.0 ]
[ WallMed1 -1.0 3520.0 1083.0 1.5707963267948966 0.0 0.0 0.0 980.0 false 280.0 20.0 ]
[ WallMedDestructed1 -1.0 4197.0 1091.0 1.570796326794896 0.0 0.0 0.0 980.0 false 200.0 0.0 ]
[ WallMed1 50.0 4194.0 1084.0 1.5707963267948966 0.0 0.0 0.0 980.0 false 280.0 1.0 ]
[ WallMedDestructed1 -1.0 3858.0 1084.0 1.570796326794896 0.0 0.0 0.0 980.0 false 200.0 0.0 ]
[ WallMedDestructed1 -1.0 3180.0 1084.0 1.570796326794896 0.0 0.0 0.0 980.0 false 200.0 0.0 ]
[ WallMed1 50.0 3181.0 1084.0 1.5707963267948966 0.0 0.0 0.0 980.0 false 280.0 12.0 ]
[ WallMed1 50.0 3858.0 1083.0 1.5707963267948966 0.0 0.0 0.0 980.0 false 280.0 12.0 ]
[ WallMedDestructed1 -1.0 4203.0 -299.0 1.5707963267948966 0.0 0.0 0.0 980.0 false 200.0 0.0 ]
[ WallMedDestructed1 -1.0 3873.0 -304.0 1.5707963267948966 0.0 0.0 0.0 980.0 false 200.0 0.0 ]
[ WallMedDestructed1 -1.0 3545.0 -301.0 1.5707963267948966 0.0 0.0 0.0 980.0 false 200.0 0.0 ]
[ WallMed1 50.0 4206.0 -304.0 1.5707963267948966 0.0 0.0 0.0 980.0 false 280.0 1.0 ]
[ WallMed1 50.0 3868.0 -304.0 1.5707963267948966 0.0 0.0 0.0 980.0 false 280.0 1.0 ]
[ WallMed1 50.0 3533.0 -301.0 1.5707963267948966 0.0 0.0 0.0 980.0 false 280.0 1.0 ]
[ LightBulb1 4.0 2989.0 1106.0 0.3490658503988659 0.0 0.0 0.0 980.0 false 4.0 0.0 ]
frontEnts
[ DrankMachinePurple -1.0 -1151.0 647.0 0.0 0.0 0.0 0.0 980.0 false 80.0 0.0 ]
[ Wood_Post_Short 60.0 -1912.0 735.0 0.0 0.0 0.0 0.0 980.0 false 16.0 0.0 ]
[ Wood_Post_Short 60.0 -1901.0 735.0 3.141592653589791 0.0 0.0 0.0 980.0 false 16.0 0.0 ]
[ Wood_Post_Short 60.0 -1891.0 735.0 0.0 0.0 0.0 0.0 980.0 false 16.0 0.0 ]
[ Wood_Post_Short 60.0 -1880.0 735.0 3.141592653589791 0.0 0.0 0.0 980.0 false 16.0 0.0 ]
[ Wood_Post_Short 60.0 -1995.0 735.0 3.141592653589793 0.0 0.0 0.0 980.0 false 16.0 0.0 ]
[ Wood_Post_Short 60.0 -2006.0 735.0 0.0 0.0 0.0 0.0 980.0 false 16.0 0.0 ]
[ Wood_Post_Short 60.0 -1942.0 649.0 4.712388980384686 0.0 0.0 0.0 980.0 false 16.0 0.0 ]
[ WallMed -1.0 -1822.0 921.0 0.0 0.0 0.0 0.0 980.0 false 450.0 0.0 ]
[ 11UpMachine -1.0 -3373.0 646.0 6.283185307179586 0.0 0.0 0.0 980.0 false 80.0 0.0 ]
[ DrankMachinePurple -1.0 -3218.0 595.0 4.7123889803846915 0.0 0.0 0.0 980.0 false 80.0 0.0 ]
[ 11UpMachine -1.0 -3223.0 694.0 1.570796326794896 0.0 0.0 0.0 980.0 false 80.0 0.0 ]
[ Wood_Post -1.0 -4886.0 594.0 5.532693728822024 0.0 0.0 0.0 980.0 false 42.0 0.0 ]
[ Wood_Post -1.0 -4888.0 424.0 0.0 0.0 0.0 0.0 980.0 false 42.0 0.0 ]
[ Wood_Post -1.0 -5386.0 594.0 0.7504915783575614 0.0 0.0 0.0 980.0 false 42.0 0.0 ]
[ WallMed -1.0 -5067.0 921.0 0.0 0.0 0.0 0.0 980.0 false 450.0 0.0 ]
[ WallMedWindow -1.0 4350.0 -810.0 3.141592653589793 0.0 0.0 0.0 980.0 false 450.0 0.0 ]
[ WallMedWindow -1.0 3850.0 -810.0 3.141592653589793 0.0 0.0 0.0 980.0 false 450.0 0.0 ]
[ WallMedWindow -1.0 3350.0 -810.0 3.141592653589793 0.0 0.0 0.0 980.0 false 450.0 0.0 ]
[ DrankMachinePurple -1.0 -5330.0 357.0 4.7123889803846915 0.0 0.0 0.0 980.0 false 80.0 0.0 ]
[ DrankMachine -1.0 -5529.0 357.0 1.570796326794896 0.0 0.0 0.0 980.0 false 80.0 0.0 ]
[ 11UpMachine -1.0 -5495.0 258.0 1.570796326794896 0.0 0.0 0.0 980.0 false 80.0 0.0 ]
[ Pipe -1.0 -758.0 1595.0 6.248278722139698 0.0 0.0 0.0 980.0 false 180.0 0.0 ]
[ Pipe_Joint -1.0 -459.0 1615.0 4.712388980384686 0.0 0.0 0.0 980.0 false 180.0 0.0 ]
[ Pipe_Joint -1.0 -478.0 1591.0 0.0 0.0 0.0 0.0 980.0 false 180.0 0.0 ]
[ Pipe_Joint2 -1.0 -431.0 1590.0 0.0 0.0 0.0 0.0 980.0 false 180.0 0.0 ]
[ Pipe -1.0 378.0 1593.0 0.03490658503988659 0.0 0.0 0.0 980.0 false 180.0 0.0 ]
[ Pipe -1.0 -159.0 1584.0 0.0 0.0 0.0 0.0 980.0 false 180.0 0.0 ]
[ Pipe_Joint2 -1.0 105.0 1587.0 0.0 0.0 0.0 0.0 980.0 false 180.0 0.0 ]
[ Pipe_Joint -1.0 87.0 1586.0 0.0 0.0 0.0 0.0 980.0 false 180.0 0.0 ]
[ Pipe -1.0 -460.0 2426.0 1.570796326794896 0.0 0.0 0.0 980.0 false 180.0 0.0 ]
[ Pipe_Joint2 -1.0 -460.0 2159.0 1.5882496193148419 0.0 0.0 0.0 980.0 false 180.0 0.0 ]
[ Pipe_Joint -1.0 -461.0 2133.0 1.5795229730548632 0.0 0.0 0.0 980.0 false 180.0 0.0 ]
[ Wood_Post_Short -1.0 -390.0 2170.0 4.267330021126138 0.0 0.0 0.0 980.0 false 16.0 0.0 ]
[ Wood_Post_Short -1.0 -517.0 2192.0 5.532693728822016 0.0 0.0 0.0 980.0 false 16.0 0.0 ]
[ Pipe -1.0 -2902.0 1768.0 5.585053606381855 0.0 0.0 0.0 980.0 false 180.0 0.0 ]
[ Pipe_Joint -1.0 -2689.0 1593.0 5.934119456780721 0.0 0.0 0.0 980.0 false 180.0 0.0 ]
[ Pipe -1.0 -3240.0 2196.0 5.157447939643228 0.0 0.0 0.0 980.0 false 180.0 0.0 ]
[ Pipe_Joint2 -1.0 -3105.0 1937.0 5.506513790042079 0.0 0.0 0.0 980.0 false 180.0 0.0 ]
[ Pipe_Joint -1.0 -3125.0 1963.0 5.358160803622569 0.0 0.0 0.0 980.0 false 180.0 0.0 ]
AINodes
[ 1713.0 646.0 1 ]
[ 1948.0 646.0 1 ]
[ 1526.0 656.0 1 ]
[ 1314.0 654.0 1 ]
[ 1066.0 655.0 1 ]
[ 859.0 645.0 1 ]
[ 1858.0 84.0 1 ]
[ 1733.0 82.0 6 ]
[ 1584.0 341.0 6 ]
[ 682.0 644.0 1 ]
[ 475.0 637.0 1 ]
[ 316.0 664.0 1 ]
[ 18.0 658.0 1 ]
[ -158.0 645.0 1 ]
[ -296.0 635.0 1 ]
[ -456.0 631.0 1 ]
[ -604.0 646.0 1 ]
[ -802.0 625.0 3 ]
[ -928.0 307.0 5 ]
[ -1063.0 207.0 1 ]
[ -1187.0 139.0 1 ]
[ -1328.0 56.0 1 ]
[ -1474.0 -9.0 1 ]
[ -1650.0 -60.0 1 ]
[ -1899.0 -69.0 1 ]
[ -2032.0 -65.0 1 ]
[ -2210.0 -11.0 1 ]
[ -2375.0 50.0 1 ]
[ -2570.0 16.0 1 ]
[ -2756.0 -17.0 1 ]
[ -2994.0 10.0 1 ]
[ -3195.0 19.0 1 ]
[ -4295.0 689.0 1 ]
[ -4141.0 685.0 1 ]
[ -3979.0 681.0 1 ]
[ -3187.0 657.0 4 ]
[ -3313.0 663.0 1 ]
[ -3527.0 663.0 1 ]
[ -3716.0 664.0 1 ]
[ -3835.0 672.0 1 ]
[ -4439.0 684.0 1 ]
[ -4635.0 690.0 1 ]
[ -4796.0 693.0 1 ]
[ -4975.0 689.0 1 ]
[ -5540.0 331.0 4 ]
[ -5408.0 330.0 1 ]
[ -5220.0 330.0 1 ]
[ -5056.0 328.0 1 ]
[ -4884.0 330.0 1 ]
[ -4730.0 328.0 1 ]
[ -4510.0 630.0 3 ]
[ -5117.0 683.0 1 ]
[ -5302.0 690.0 1 ]
[ -5442.0 697.0 1 ]
[ -5625.0 689.0 1 ]
[ -3137.0 671.0 1 ]
[ -5614.0 7.0 1 ]
[ -5444.0 10.0 1 ]
[ -5275.0 15.0 1 ]
[ 160.0 736.0 1 ]
[ -964.0 287.0 1 ]
[ -744.0 653.0 1 ]
[ -4634.0 315.0 5 ]
[ -5151.0 16.0 1 ]
[ -5606.0 307.0 1 ]
[ -5020.0 7.0 1 ]
[ -4874.0 17.0 1 ]
[ -4791.0 6.0 5 ]
[ -4671.0 306.0 3 ]
[ -3369.0 14.0 3 ]
[ -3353.0 12.0 1 ]
[ -3377.0 30.0 6 ]
[ -3545.0 353.0 1 ]
[ -3637.0 348.0 6 ]
[ -3749.0 620.0 2 ]
[ -3515.0 346.0 2 ]
[ -3560.0 -197.0 5 ]
[ -3642.0 -247.0 1 ]
[ -4043.0 -247.0 1 ]
[ -4194.0 -231.0 1 ]
[ -4313.0 -225.0 1 ]
[ -4492.0 -207.0 1 ]
[ -4541.0 -192.0 6 ]
[ -4785.0 -23.0 2 ]
[ -3242.0 -60.0 2 ]
[ -3208.0 -520.0 6 ]
[ -3158.0 -822.0 6 ]
[ -3227.0 -519.0 2 ]
[ -3106.0 -871.0 3 ]
[ -3269.0 -1075.0 5 ]
[ -3325.0 -1076.0 6 ]
[ -3461.0 -845.0 2 ]
[ -3000.0 -876.0 1 ]
[ -2825.0 -879.0 1 ]
[ -2786.0 -876.0 5 ]
[ -2680.0 -718.0 5 ]
[ -2610.0 -519.0 5 ]
[ -2548.0 -319.0 5 ]
[ -2633.0 -514.0 6 ]
[ -3564.0 -852.0 1 ]
[ -3763.0 -854.0 1 ]
[ -3998.0 -854.0 1 ]
[ -4280.0 -854.0 1 ]
[ -4515.0 -854.0 1 ]
[ -4125.0 -855.0 1 ]
[ -4680.0 -855.0 1 ]
[ -4915.0 -855.0 1 ]
[ -5150.0 -855.0 1 ]
[ -5338.0 -855.0 1 ]
[ -5491.0 -858.0 1 ]
[ -5569.0 -857.0 3 ]
[ -5657.0 -971.0 5 ]
[ -5746.0 -975.0 1 ]
[ -5826.0 -980.0 1 ]
[ -5892.0 -898.0 1 ]
[ -863.0 658.0 1 ]
[ -1021.0 665.0 1 ]
[ -1218.0 661.0 1 ]
[ -1426.0 661.0 1 ]
[ -1605.0 657.0 1 ]
[ -1786.0 662.0 1 ]
[ -1953.0 661.0 1 ]
[ -2094.0 651.0 6 ]
[ -2027.0 657.0 1 ]
[ -2189.0 879.0 6 ]
[ -2219.0 1290.0 1 ]
[ -2064.0 1366.0 1 ]
[ -2064.0 1326.0 3 ]
[ -2252.0 1268.0 3 ]
[ -2149.0 1251.0 5 ]
[ -2270.0 1034.0 5 ]
[ -2257.0 968.0 2 ]
[ -1887.0 1364.0 1 ]
[ -1652.0 1364.0 1 ]
[ -1417.0 1364.0 1 ]
[ -853.0 1364.0 1 ]
[ -1236.0 1363.0 1 ]
[ -1052.0 1363.0 1 ]
[ -683.0 1362.0 1 ]
[ -512.0 1363.0 1 ]
[ -350.0 1365.0 1 ]
[ -184.0 1369.0 1 ]
[ 435.0 1375.0 1 ]
[ 599.0 1375.0 1 ]
[ 760.0 1375.0 1 ]
[ 988.0 1376.0 1 ]
[ 1216.0 1374.0 1 ]
[ 1401.0 1365.0 1 ]
[ 1590.0 1368.0 1 ]
[ 1711.0 1369.0 5 ]
[ 1829.0 1482.0 3 ]
[ 1865.0 1591.0 3 ]
[ 2106.0 1606.0 2 ]
[ 2150.0 1487.0 2 ]
[ 1981.0 1667.0 1 ]
[ 1986.0 1363.0 1 ]
[ 2243.0 1358.0 6 ]
[ 2294.0 1361.0 1 ]
[ 2410.0 1360.0 1 ]
[ 2533.0 1364.0 1 ]
[ 2663.0 1365.0 1 ]
[ 2847.0 1370.0 1 ]
[ 3002.0 1364.0 1 ]
[ 3209.0 1366.0 1 ]
[ 3389.0 1367.0 1 ]
[ 3583.0 1364.0 1 ]
[ 3782.0 1373.0 1 ]
[ 3986.0 1376.0 1 ]
[ 4170.0 1377.0 1 ]
[ 4349.0 1373.0 1 ]
[ 4491.0 1376.0 1 ]
[ 4633.0 1378.0 1 ]
[ 4748.0 1377.0 1 ]
[ 4853.0 1375.0 1 ]
[ 4858.0 1346.0 2 ]
[ 4923.0 1099.0 6 ]
[ 4967.0 1100.0 1 ]
[ 5072.0 1075.0 1 ]
[ 5192.0 1056.0 1 ]
[ 5041.0 1015.0 2 ]
[ 5156.0 711.0 6 ]
[ 4907.0 1065.0 3 ]
[ 4880.0 1020.0 3 ]
[ 4845.0 975.0 3 ]
[ 4600.0 675.0 5 ]
[ 4520.0 671.0 1 ]
[ 4322.0 670.0 1 ]
[ 4173.0 673.0 1 ]
[ 4043.0 667.0 1 ]
[ 3874.0 668.0 1 ]
[ 3736.0 665.0 1 ]
[ 3563.0 680.0 1 ]
[ 3396.0 664.0 1 ]
[ 3218.0 691.0 1 ]
[ 3012.0 663.0 1 ]
[ 2841.0 665.0 1 ]
[ 2701.0 665.0 1 ]
[ 2466.0 665.0 1 ]
[ 2278.0 665.0 1 ]
[ 2138.0 653.0 1 ]
[ 5238.0 699.0 1 ]
[ 5201.0 679.0 2 ]
[ 5278.0 519.0 6 ]
[ 5288.0 495.0 3 ]
[ 5141.0 368.0 5 ]
[ 5371.0 519.0 1 ]
[ 5044.0 342.0 1 ]
[ 4901.0 309.0 1 ]
[ 4759.0 274.0 1 ]
[ 4610.0 274.0 1 ]
[ 4455.0 282.0 1 ]
[ 4303.0 290.0 1 ]
[ 4129.0 291.0 1 ]
[ 3965.0 289.0 1 ]
[ 3753.0 290.0 1 ]
[ 3565.0 290.0 1 ]
[ 3377.0 290.0 1 ]
[ 3095.0 290.0 1 ]
[ 3223.0 289.0 1 ]
[ 2935.0 286.0 1 ]
[ 2769.0 286.0 1 ]
[ 2631.0 280.0 1 ]
[ 2452.0 278.0 1 ]
[ 3304.0 241.0 2 ]
[ 2914.0 259.0 3 ]
[ 2770.0 -23.0 5 ]
[ 3412.0 -28.0 6 ]
[ 3489.0 -30.0 1 ]
[ 2727.0 -17.0 1 ]
[ 2481.0 -22.0 1 ]
[ 3624.0 -33.0 1 ]
[ 3788.0 -34.0 1 ]
[ 3962.0 -34.0 1 ]
[ 4125.0 -30.0 1 ]
[ 4298.0 -34.0 1 ]
[ 4482.0 -36.0 1 ]
[ 4646.0 -33.0 1 ]
[ 4843.0 -40.0 1 ]
[ 5053.0 -37.0 1 ]
[ 5197.0 -33.0 1 ]
[ 5389.0 -29.0 1 ]
[ 5550.0 -38.0 1 ]
[ -2388.0 670.0 1 ]
[ -2374.0 673.0 5 ]
[ -2235.0 884.0 3 ]
[ -3824.0 -240.0 1 ]
[ -77.0 1379.0 5 ]
[ 293.0 1362.0 6 ]
[ 164.0 1632.0 2 ]
[ 128.0 1633.0 3 ]
[ 145.0 1651.0 1 ]
[ 91.0 1642.0 6 ]
[ 39.0 1977.0 2 ]
[ 187.0 1946.0 1 ]
[ -32.0 2033.0 1 ]
[ 101.0 1957.0 1 ]
[ -176.0 2033.0 1 ]
[ -341.0 2024.0 1 ]
[ -498.0 2014.0 1 ]
[ -675.0 2021.0 1 ]
[ -826.0 2019.0 1 ]
[ -1006.0 2020.0 1 ]
[ -1171.0 2017.0 1 ]
[ -1442.0 651.0 4 ]
[ 673.0 651.0 4 ]
[ 2471.0 651.0 4 ]
[ 3928.0 651.0 4 ]
[ 4761.0 1398.0 4 ]
[ -1491.0 1367.0 4 ]
[ 1449.0 1367.0 4 ]
[ -4181.0 699.0 4 ]
[ -5521.0 -16.0 4 ]
[ -5682.0 -977.0 4 ]
[ -3532.0 -845.0 4 ]
[ -1686.0 -10.0 4 ]
[ 4286.0 -31.0 4 ]
[ 2722.0 298.0 4 ]
[ 5517.0 -89.0 4 ]
[ 3860.0 -721.0 4 ]
[ 5313.0 -1147.0 4 ]
[ 3247.0 -1145.0 4 ]
[ 2747.0 -1821.0 4 ]
[ 5002.0 -2063.0 4 ]
