arena1
[ 2917.0, 913.0 ]
backEnts
[ Fence1 -1.0 1058.0 864.0 0.3490658503988659 0.0 0.0 0.0 980.0 false 450.0 0.0 ]
[ Brick_Wall_Brown_Large 24000.0 2671.0 334.0 0.0 0.0 0.0 0.0 980.0 false 450.0 0.0 ]
[ Pipe -1.0 2047.0 483.0 5.593780252641827 0.0 0.0 0.0 980.0 false 180.0 0.0 ]
[ Pipe -1.0 1741.0 954.0 4.982915014443795 0.0 0.0 0.0 980.0 false 180.0 0.0 ]
[ Pipe_Joint -1.0 1815.0 698.0 5.183627878423158 0.0 0.0 0.0 980.0 false 180.0 0.0 ]
[ Pipe_Joint2 -1.0 1837.0 662.0 5.393067388662461 0.0 0.0 0.0 980.0 false 180.0 0.0 ]
[ Wood_Post_Short 60.0 -22.0 929.0 4.712388980384684 0.0 0.0 0.0 980.0 false 16.0 0.0 ]
[ Wood_Post_Short 60.0 -22.0 917.0 1.5707963267948966 0.0 0.0 0.0 980.0 false 16.0 0.0 ]
[ Wood_Post_Short 60.0 -22.0 910.0 4.712388980384684 0.0 0.0 0.0 980.0 false 16.0 0.0 ]
[ Wood_Post_Short 60.0 -21.0 897.0 1.5707963267948966 0.0 0.0 0.0 980.0 false 16.0 0.0 ]
[ Brick_Wall_Brown 24000.0 -827.0 532.0 0.3926990816987248 0.0 0.0 0.0 980.0 false 450.0 0.0 ]
[ Brick_Wall_Brown 24000.0 -919.0 508.0 0.3926990816987248 0.0 0.0 0.0 980.0 false 450.0 0.0 ]
[ Brick_Wall_Brown 24000.0 -1139.0 494.0 6.03883921190037 0.0 0.0 0.0 980.0 false 450.0 0.0 ]
[ Brick_Wall_Brown 24000.0 -1321.0 556.0 6.03883921190037 0.0 0.0 0.0 980.0 false 450.0 0.0 ]
[ Brick_Wall_Brown 24000.0 -1398.0 611.0 0.0 0.0 0.0 0.0 980.0 false 450.0 0.0 ]
[ Brick_Wall_Brown 24000.0 -1398.0 830.0 0.0 0.0 0.0 0.0 980.0 false 450.0 0.0 ]
[ Brick_Wall_Brown 24000.0 -1083.0 611.0 0.0 0.0 0.0 0.0 980.0 false 450.0 0.0 ]
[ Brick_Wall_Brown 24000.0 -768.0 611.0 0.0 0.0 0.0 0.0 980.0 false 450.0 0.0 ]
[ Wood_Post -1.0 -1358.0 439.0 5.995205980600539 0.0 0.0 0.0 980.0 false 42.0 0.0 ]
[ Wood_Post -1.0 -1261.0 411.0 2.8536133270107436 0.0 0.0 0.0 980.0 false 42.0 0.0 ]
[ Wood_Post -1.0 -800.0 434.0 0.3926990816987401 0.0 0.0 0.0 980.0 false 42.0 0.0 ]
[ Wood_Post -1.0 -712.0 472.0 0.3926990816987401 0.0 0.0 0.0 980.0 false 42.0 0.0 ]
[ Wood_Post_Short 60.0 -976.0 788.0 4.974188368183841 0.0 0.0 0.0 980.0 false 16.0 0.0 ]
[ Wood_Post_Short 60.0 -955.0 733.0 5.148721293383273 0.0 0.0 0.0 980.0 false 16.0 0.0 ]
[ Brick_Wall_Brown 24000.0 -768.0 830.0 0.0 0.0 0.0 0.0 980.0 false 450.0 0.0 ]
[ Wood_Post_Short 60.0 -974.0 918.0 4.799655442984408 0.0 0.0 0.0 980.0 false 16.0 0.0 ]
[ Brick_Wall_Brown 24000.0 -1187.0 830.0 0.0 0.0 0.0 0.0 980.0 false 450.0 0.0 ]
[ Wood_Post_Short 60.0 -970.0 795.0 4.188790204786393 0.0 0.0 0.0 980.0 false 16.0 0.0 ]
[ Wood_Post_Short 60.0 -1002.0 831.0 2.967059728390364 0.0 0.0 0.0 980.0 false 16.0 0.0 ]
[ Wood_Post_Short 60.0 -975.0 845.0 4.799655442984408 0.0 0.0 0.0 980.0 false 16.0 0.0 ]
[ Wood_Post_Short 60.0 -974.0 889.0 5.061454830783557 0.0 0.0 0.0 980.0 false 16.0 0.0 ]
[ Wood_Post_Short 60.0 -975.0 875.0 4.01425727958696 0.0 0.0 0.0 980.0 false 16.0 0.0 ]
[ Wood_Post_Short 60.0 -966.0 797.0 3.490658503988662 0.0 0.0 0.0 980.0 false 16.0 0.0 ]
[ Wood_Post_Short 60.0 -992.0 758.0 4.101523742186677 0.0 0.0 0.0 980.0 false 16.0 0.0 ]
[ Air_Conditioner -1.0 -1683.0 880.0 0.0 0.0 0.0 0.0 980.0 false 80.0 0.0 ]
[ Fan_Small_8 -1.0 -1674.0 906.0 0.0 0.0 0.0 -3.0 0.0 false 10.0 0.0 ]
[ Fan_Small_8 -1.0 -1729.0 906.0 0.0 0.0 0.0 -5.0 0.0 false 10.0 0.0 ]
[ Brick_Wall_Brown_Large 24000.0 3538.0 771.0 6.283185307179586 0.0 0.0 0.0 980.0 false 450.0 0.0 ]
[ Brick_Wall_Brown_Large 24000.0 2671.0 772.0 0.0 0.0 0.0 0.0 980.0 false 450.0 0.0 ]
[ Brick_Wall_Brown_Large 24000.0 4163.0 771.0 6.283185307179586 0.0 0.0 0.0 980.0 false 450.0 0.0 ]
[ Brick_Wall_Red 24000.0 293.0 896.0 0.0 0.0 0.0 0.0 980.0 false 450.0 0.0 ]
[ Brick_Wall_Red 24000.0 608.0 896.0 0.0 0.0 0.0 0.0 980.0 false 450.0 0.0 ]
[ Brick_Wall_Red 24000.0 608.0 677.0 0.0 0.0 0.0 0.0 980.0 false 450.0 0.0 ]
[ Brick_Wall_Red 24000.0 293.0 677.0 0.0 0.0 0.0 0.0 980.0 false 450.0 0.0 ]
[ Brick_Wall_Red 24000.0 293.0 458.0 0.0 0.0 0.0 0.0 980.0 false 450.0 0.0 ]
[ Brick_Wall_Red 24000.0 608.0 458.0 0.0 0.0 0.0 0.0 980.0 false 450.0 0.0 ]
[ Brick_Wall_Red 24000.0 608.0 239.0 0.0 0.0 0.0 0.0 980.0 false 450.0 0.0 ]
[ Brick_Wall_Red 24000.0 293.0 239.0 0.0 0.0 0.0 0.0 980.0 false 450.0 0.0 ]
[ Brick_Wall_Red 24000.0 293.0 20.0 0.0 0.0 0.0 0.0 980.0 false 450.0 0.0 ]
[ Brick_Wall_Red 24000.0 608.0 20.0 0.0 0.0 0.0 0.0 980.0 false 450.0 0.0 ]
[ Pipe -1.0 5215.0 855.0 0.9599310885968813 0.0 0.0 0.0 980.0 false 180.0 0.0 ]
[ Pipe_Joint2 -1.0 5069.0 651.0 0.7853981633974483 0.0 0.0 0.0 980.0 false 180.0 0.0 ]
[ Pipe_Joint -1.0 5043.0 632.0 0.43633231299858233 0.0 0.0 0.0 980.0 false 180.0 0.0 ]
[ Pipe -1.0 4800.0 506.0 0.4712388980384684 0.0 0.0 0.0 980.0 false 180.0 0.0 ]
[ 11UpMachine -1.0 5756.0 886.0 1.5707963267948968 0.0 0.0 0.0 980.0 false 80.0 0.0 ]
[ Big_Rock -1.0 5406.0 892.0 1.0122909661567123 0.0 0.0 0.0 980.0 false 260.0 0.0 ]
[ Big_Rock -1.0 5078.0 904.0 4.1538836197465026 0.0 0.0 0.0 980.0 false 260.0 0.0 ]
[ Big_Rock -1.0 4942.0 854.0 0.22689280275925872 0.0 0.0 0.0 980.0 false 260.0 0.0 ]
[ Big_Rock -1.0 5527.0 831.0 1.5358897417550113 0.0 0.0 0.0 980.0 false 260.0 0.0 ]
[ Big_Rock -1.0 5381.0 835.0 6.248278722139702 0.0 0.0 0.0 980.0 false 260.0 0.0 ]
playEnts
[ WallMed -1.0 1738.0 1110.0 0.0 0.0 0.0 0.0 980.0 false 450.0 0.0 ]
[ WallMed -1.0 738.0 1110.0 0.0 0.0 0.0 0.0 980.0 false 450.0 0.0 ]
[ WallMed -1.0 238.0 1110.0 0.0 0.0 0.0 0.0 980.0 false 450.0 0.0 ]
[ WallMed -1.0 3238.0 410.0 0.0 0.0 0.0 0.0 980.0 false 450.0 0.0 ]
[ WallMed1 -1.0 1022.0 1104.0 0.0 0.0 0.0 0.0 980.0 false 280.0 35.0 ]
[ WallMed -1.0 1250.0 1227.0 0.0 0.0 0.0 0.0 980.0 false 450.0 0.0 ]
[ WallMedDestructed5 -1.0 1354.0 1017.0 0.0 0.0 0.0 0.0 980.0 false 200.0 0.0 ]
[ WallMedDestructed2 -1.0 1172.0 997.0 0.0 0.0 0.0 0.0 980.0 false 200.0 0.0 ]
[ WallMed -1.0 1738.0 1460.0 0.0 0.0 0.0 0.0 980.0 false 450.0 0.0 ]
[ WallMed -1.0 738.0 1460.0 0.0 0.0 0.0 0.0 980.0 false 450.0 0.0 ]
[ WallMed -1.0 238.0 1460.0 0.0 0.0 0.0 0.0 980.0 false 450.0 0.0 ]
[ WallMed -1.0 -262.0 1460.0 0.0 0.0 0.0 0.0 980.0 false 450.0 0.0 ]
[ WallMed -1.0 -762.0 1460.0 0.0 0.0 0.0 0.0 980.0 false 450.0 0.0 ]
[ WallMed -1.0 1238.0 1442.0 0.0 0.0 0.0 0.0 980.0 false 450.0 0.0 ]
[ WallMed -1.0 2911.0 290.0 0.6981317007977326 0.0 0.0 0.0 980.0 false 450.0 0.0 ]
[ CracksMed -1.0 1270.0 1072.0 1.0297442586766545 0.0 0.0 0.0 980.0 true 0.0 0.0 ]
[ CracksBig -1.0 1207.0 1080.0 0.4537856055185261 0.0 0.0 0.0 980.0 true 0.0 0.0 ]
[ CracksBig -1.0 1410.0 1012.0 4.11025038844656 0.0 0.0 0.0 980.0 true 0.0 0.0 ]
[ CracksBig -1.0 1082.0 1033.0 0.6632251157578463 0.0 0.0 0.0 980.0 true 0.0 0.0 ]
[ CracksMed -1.0 1111.0 1080.0 1.9634954084936103 0.0 0.0 0.0 980.0 true 0.0 0.0 ]
[ CracksMed -1.0 1047.0 1080.0 1.9634954084936103 0.0 0.0 0.0 980.0 true 0.0 0.0 ]
[ CracksMed -1.0 1045.0 979.0 1.7715091907742362 0.0 0.0 0.0 980.0 true 0.0 0.0 ]
[ CracksMed -1.0 1016.0 982.0 3.778637830567713 0.0 0.0 0.0 980.0 true 0.0 0.0 ]
[ CracksMed -1.0 1334.0 1063.0 1.9634954084936103 0.0 0.0 0.0 980.0 true 0.0 0.0 ]
[ WallMed -1.0 -262.0 1110.0 0.0 0.0 0.0 0.0 980.0 false 450.0 0.0 ]
[ WallMed -1.0 -1262.0 1110.0 0.0 0.0 0.0 0.0 980.0 false 450.0 0.0 ]
[ WallMed -1.0 -1262.0 1460.0 0.0 0.0 0.0 0.0 980.0 false 450.0 0.0 ]
[ WallMed1 -1.0 2149.0 -246.0 1.5707963267948966 0.0 0.0 0.0 980.0 false 280.0 35.0 ]
[ WallMed -1.0 -1762.0 1460.0 0.0 0.0 0.0 0.0 980.0 false 450.0 0.0 ]
[ WallMed -1.0 -1762.0 1110.0 0.0 0.0 0.0 0.0 980.0 false 450.0 0.0 ]
[ WallMed -1.0 -2262.0 1110.0 0.0 0.0 0.0 0.0 980.0 false 450.0 0.0 ]
[ WallMed -1.0 -2262.0 1460.0 0.0 0.0 0.0 0.0 980.0 false 450.0 0.0 ]
[ WallMed -1.0 -2762.0 1460.0 0.0 0.0 0.0 0.0 980.0 false 450.0 0.0 ]
[ WallMed -1.0 -2762.0 1110.0 0.0 0.0 0.0 0.0 980.0 false 450.0 0.0 ]
[ WallMed1 -1.0 -2387.0 285.0 1.5707963267948966 0.0 0.0 0.0 980.0 false 280.0 35.0 ]
[ WallMed -1.0 -3262.0 1110.0 0.0 0.0 0.0 0.0 980.0 false 450.0 0.0 ]
[ WallMedDestructed2 -1.0 -2456.0 419.0 1.570796326794896 0.0 0.0 0.0 980.0 false 200.0 0.0 ]
[ WallMed -1.0 -762.0 1110.0 0.0 0.0 0.0 0.0 980.0 false 450.0 0.0 ]
[ WallMed -1.0 2238.0 1110.0 0.0 0.0 0.0 0.0 980.0 false 450.0 0.0 ]
[ WallMed -1.0 2738.0 1110.0 0.0 0.0 0.0 0.0 980.0 false 450.0 0.0 ]
[ WallMed -1.0 2738.0 1459.0 0.0 0.0 0.0 0.0 980.0 false 450.0 0.0 ]
[ WallMed -1.0 2238.0 1460.0 0.0 0.0 0.0 0.0 980.0 false 450.0 0.0 ]
[ Brick_Wall_Brown_Large 24000.0 3626.0 1154.0 6.283185307179586 0.0 0.0 0.0 980.0 false 450.0 0.0 ]
[ WallMed -1.0 3238.0 1110.0 0.0 0.0 0.0 0.0 980.0 false 450.0 0.0 ]
[ WallMed -1.0 3238.0 1460.0 0.0 0.0 0.0 0.0 980.0 false 450.0 0.0 ]
[ WallMed -1.0 3738.0 1460.0 0.0 0.0 0.0 0.0 980.0 false 450.0 0.0 ]
[ WallMed -1.0 4238.0 410.0 0.0 0.0 0.0 0.0 980.0 false 450.0 0.0 ]
[ WallMed -1.0 4238.0 1110.0 0.0 0.0 0.0 0.0 980.0 false 450.0 0.0 ]
[ WallMed -1.0 4238.0 1460.0 0.0 0.0 0.0 0.0 980.0 false 450.0 0.0 ]
[ Brick_Wall_Brown_Large 24000.0 2829.0 -75.0 0.0 0.0 0.0 0.0 980.0 false 450.0 0.0 ]
[ WallMed -1.0 3445.0 -121.0 0.0 0.0 0.0 0.0 980.0 false 450.0 0.0 ]
[ WallMed -1.0 2946.0 -121.0 0.0 0.0 0.0 0.0 980.0 false 450.0 0.0 ]
[ WallMed -1.0 2446.0 -121.0 0.0 0.0 0.0 0.0 980.0 false 450.0 0.0 ]
[ WallMed -1.0 2946.0 229.0 0.0 0.0 0.0 0.0 980.0 false 450.0 0.0 ]
[ WallMed -1.0 3238.0 61.0 0.0 0.0 0.0 0.0 980.0 false 450.0 0.0 ]
[ WallMed -1.0 3738.0 61.0 0.0 0.0 0.0 0.0 980.0 false 450.0 0.0 ]
[ WallMed -1.0 4238.0 61.0 0.0 0.0 0.0 0.0 980.0 false 450.0 0.0 ]
[ WallMed -1.0 3944.0 -121.0 0.0 0.0 0.0 0.0 980.0 false 450.0 0.0 ]
[ WallMed -1.0 2446.0 228.0 0.0 0.0 0.0 0.0 980.0 false 450.0 0.0 ]
[ CracksMed -1.0 2219.0 381.0 0.6981317007977318 0.0 0.0 0.0 980.0 true 0.0 0.0 ]
[ CracksBig -1.0 -1462.0 1245.0 0.6632251157578463 0.0 0.0 0.0 980.0 true 0.0 0.0 ]
[ CracksMed -1.0 -1406.0 1211.0 3.778637830567713 0.0 0.0 0.0 980.0 true 0.0 0.0 ]
[ CracksMed -1.0 -1378.0 1235.0 4.485496177625433 0.0 0.0 0.0 980.0 true 0.0 0.0 ]
[ CracksMed -1.0 -1493.0 1223.0 4.485496177625433 0.0 0.0 0.0 980.0 true 0.0 0.0 ]
[ CracksMed -1.0 -2560.0 578.0 1.954768762233652 0.0 0.0 0.0 980.0 true 0.0 0.0 ]
[ CracksMed -1.0 -2494.0 902.0 0.38397243543875637 0.0 0.0 0.0 980.0 true 0.0 0.0 ]
[ CracksMed -1.0 -2567.0 770.0 1.3439035240356374 0.0 0.0 0.0 980.0 true 0.0 0.0 ]
[ CracksMed -1.0 -2373.0 313.0 4.572762640225144 0.0 0.0 0.0 980.0 true 0.0 0.0 ]
[ CracksMed -1.0 -2385.0 963.0 0.12217304763960178 0.0 0.0 0.0 980.0 true 0.0 0.0 ]
[ Brick_Wall_Brown_Large 24000.0 -3048.0 466.0 0.0 0.0 0.0 0.0 980.0 false 450.0 0.0 ]
[ Brick_Wall_Brown_Large 24000.0 -3993.0 466.0 0.0 0.0 0.0 0.0 980.0 false 450.0 0.0 ]
[ Brick_Wall_Brown_Large 24000.0 -4662.0 -38.0 1.5707963267948966 0.0 0.0 0.0 980.0 false 450.0 0.0 ]
[ WallMed -1.0 -3262.0 410.0 0.0 0.0 0.0 0.0 980.0 false 450.0 0.0 ]
[ WallMed -1.0 -2762.0 410.0 0.0 0.0 0.0 0.0 980.0 false 450.0 0.0 ]
[ WallMed -1.0 -3762.0 410.0 0.0 0.0 0.0 0.0 980.0 false 450.0 0.0 ]
[ WallMed -1.0 -4262.0 410.0 0.0 0.0 0.0 0.0 980.0 false 450.0 0.0 ]
[ WallMed -1.0 -4762.0 410.0 0.0 0.0 0.0 0.0 980.0 false 450.0 0.0 ]
[ WallMed -1.0 -3262.0 760.0 0.0 0.0 0.0 0.0 980.0 false 450.0 0.0 ]
[ WallMed -1.0 -2762.0 760.0 0.0 0.0 0.0 0.0 980.0 false 450.0 0.0 ]
[ CracksMed -1.0 -2524.0 395.0 2.4783675378319505 0.0 0.0 0.0 980.0 true 0.0 0.0 ]
[ WallMedDestructed1 -1.0 -2511.0 648.0 0.0 0.0 0.0 0.0 980.0 false 200.0 0.0 ]
[ WallMedDestructed3 -1.0 -2460.0 855.0 0.0 0.0 0.0 0.0 980.0 false 200.0 0.0 ]
[ CracksMed -1.0 -2425.0 939.0 4.572762640225144 0.0 0.0 0.0 980.0 true 0.0 0.0 ]
[ WallMed -1.0 3738.0 410.0 0.0 0.0 0.0 0.0 980.0 false 450.0 0.0 ]
[ WallMed -1.0 4738.0 1110.0 0.0 0.0 0.0 0.0 980.0 false 450.0 0.0 ]
[ WallMed -1.0 5238.0 1110.0 0.0 0.0 0.0 0.0 980.0 false 450.0 0.0 ]
[ WallMed -1.0 5738.0 1110.0 0.0 0.0 0.0 0.0 980.0 false 450.0 0.0 ]
[ WallMed -1.0 6238.0 1110.0 0.0 0.0 0.0 0.0 980.0 false 450.0 0.0 ]
[ WallMed -1.0 6238.0 1460.0 0.0 0.0 0.0 0.0 980.0 false 450.0 0.0 ]
[ WallMed -1.0 5738.0 1460.0 0.0 0.0 0.0 0.0 980.0 false 450.0 0.0 ]
[ WallMed -1.0 5238.0 1460.0 0.0 0.0 0.0 0.0 980.0 false 450.0 0.0 ]
[ WallMed -1.0 4738.0 1460.0 0.0 0.0 0.0 0.0 980.0 false 450.0 0.0 ]
[ WallMed -1.0 4391.0 410.0 0.0 0.0 0.0 0.0 980.0 false 450.0 0.0 ]
[ CracksBig -1.0 3739.0 537.0 2.8972465583105858 0.0 0.0 0.0 980.0 true 0.0 0.0 ]
[ CracksMed -1.0 3684.0 550.0 1.8325957145940452 0.0 0.0 0.0 980.0 true 0.0 0.0 ]
[ CracksMed -1.0 3802.0 533.0 4.084070449666693 0.0 0.0 0.0 980.0 true 0.0 0.0 ]
[ LightBulb1 4.0 4316.0 595.0 0.0 0.0 0.0 0.0 980.0 false 4.0 0.0 ]
[ LightBulb1 4.0 3849.0 597.0 0.0 0.0 0.0 0.0 980.0 false 4.0 0.0 ]
[ LightBulb1 4.0 3420.0 592.0 0.0 0.0 0.0 0.0 980.0 false 4.0 0.0 ]
[ LightBulb1 4.0 2770.0 413.0 0.0 0.0 0.0 0.0 980.0 false 4.0 0.0 ]
[ LightBulb1 4.0 2286.0 411.0 0.0 0.0 0.0 0.0 980.0 false 4.0 0.0 ]
[ LightBulb1 4.0 -2253.0 344.0 0.0 0.0 0.0 0.0 980.0 false 4.0 0.0 ]
[ WallMedDestructed5 -1.0 4559.0 179.0 1.570796326794896 0.0 0.0 0.0 980.0 false 200.0 0.0 ]
[ WallMed -1.0 4338.0 -27.0 0.4712388980384694 0.0 0.0 0.0 980.0 false 450.0 0.0 ]
[ WallMedDestructed2 -1.0 4580.0 39.0 1.570796326794896 0.0 0.0 0.0 980.0 false 200.0 0.0 ]
[ CracksBig -1.0 4492.0 132.0 1.1519173063162582 0.0 0.0 0.0 980.0 true 0.0 0.0 ]
[ CracksMed -1.0 4558.0 175.0 6.178465552059886 0.0 0.0 0.0 980.0 true 0.0 0.0 ]
[ CracksMed -1.0 4611.0 256.0 5.305800926062722 0.0 0.0 0.0 980.0 true 0.0 0.0 ]
[ CracksMed -1.0 4538.0 -8.0 1.0297442586766137 0.0 0.0 0.0 980.0 true 0.0 0.0 ]
[ CracksMed -1.0 4492.0 184.0 5.305800926062722 0.0 0.0 0.0 980.0 true 0.0 0.0 ]
[ Brick_Wall_Red_Large 24000.0 6884.0 717.0 0.0 0.0 0.0 0.0 980.0 false 450.0 0.0 ]
[ Brick_Wall_Red_Large 24000.0 6884.0 279.0 0.0 0.0 0.0 0.0 980.0 false 450.0 0.0 ]
[ Brick_Wall_Red_Large 24000.0 6884.0 -159.0 0.0 0.0 0.0 0.0 980.0 false 450.0 0.0 ]
[ Brick_Wall_Red_Large 24000.0 7829.0 717.0 0.0 0.0 0.0 0.0 980.0 false 450.0 0.0 ]
[ Brick_Wall_Red_Large 24000.0 7829.0 279.0 0.0 0.0 0.0 0.0 980.0 false 450.0 0.0 ]
[ Brick_Wall_Red_Large 24000.0 7829.0 -159.0 0.0 0.0 0.0 0.0 980.0 false 450.0 0.0 ]
[ WallMed -1.0 6738.0 1110.0 0.0 0.0 0.0 0.0 980.0 false 450.0 0.0 ]
[ WallMed -1.0 7238.0 1110.0 0.0 0.0 0.0 0.0 980.0 false 450.0 0.0 ]
[ WallMed -1.0 7738.0 1110.0 0.0 0.0 0.0 0.0 980.0 false 450.0 0.0 ]
[ WallMed -1.0 8238.0 1110.0 0.0 0.0 0.0 0.0 980.0 false 450.0 0.0 ]
[ WallMed -1.0 8238.0 1460.0 0.0 0.0 0.0 0.0 980.0 false 450.0 0.0 ]
[ WallMed -1.0 7738.0 1460.0 0.0 0.0 0.0 0.0 980.0 false 450.0 0.0 ]
[ WallMed -1.0 7238.0 1460.0 0.0 0.0 0.0 0.0 980.0 false 450.0 0.0 ]
[ WallMed -1.0 6738.0 1460.0 0.0 0.0 0.0 0.0 980.0 false 450.0 0.0 ]
[ Wood_Crate_Small 100.0 4197.0 882.0 0.0 0.0 0.0 0.0 980.0 false 30.0 0.0 ]
[ Wood_Crate_Small 100.0 4080.0 881.0 0.0 0.0 0.0 0.0 980.0 false 30.0 0.0 ]
[ WoodTable 60.0 6184.0 887.0 0.0 0.0 0.0 0.0 980.0 false 30.0 0.0 ]
[ Trash_Can 185.0 4944.0 858.0 0.0 0.0 0.0 0.0 980.0 false 40.0 0.0 ]
[ Beach_Ball 3.0 -159.0 894.0 0.0 0.0 0.0 0.0 980.0 false 2.0 0.0 ]
[ ExplosiveBarrel 80.0 -1509.0 867.0 0.0 0.0 0.0 0.0 980.0 false 80.0 0.0 ]
[ ExplosiveBarrel 80.0 2025.0 864.0 0.0 0.0 0.0 0.0 980.0 false 80.0 0.0 ]
[ ExplosiveBarrel 80.0 5365.0 863.0 0.0 0.0 0.0 0.0 980.0 false 80.0 0.0 ]
[ LampBlue 8.0 6149.0 801.0 0.0 0.0 0.0 0.0 980.0 false 15.0 0.0 ]
[ LampBlue 8.0 4883.0 885.0 0.0 0.0 0.0 0.0 980.0 false 15.0 0.0 ]
[ LampBlue 8.0 3496.0 894.0 0.0 0.0 0.0 0.0 980.0 false 15.0 0.0 ]
[ LampBlue 8.0 1228.0 954.0 5.23598775598299 0.0 0.0 0.0 980.0 false 15.0 0.0 ]
[ Wood_Crate_Small 100.0 1504.0 879.0 0.0 0.0 0.0 0.0 980.0 false 30.0 0.0 ]
[ Wood_Crate_Small 100.0 194.0 880.0 0.0 0.0 0.0 0.0 980.0 false 30.0 0.0 ]
[ Trash_Can 185.0 -1353.0 877.0 0.0 0.0 0.0 0.0 980.0 false 40.0 0.0 ]
[ NapkinDispencer 8.0 -277.0 880.0 1.570796326794896 0.0 0.0 0.0 980.0 false 10.0 0.0 ]
[ NapkinDispencer 8.0 -1253.0 921.0 1.570796326794896 0.0 0.0 0.0 980.0 false 10.0 0.0 ]
[ NapkinDispencer 8.0 -1194.0 921.0 1.570796326794896 0.0 0.0 0.0 980.0 false 10.0 0.0 ]
[ NapkinDispencer 8.0 -1137.0 920.0 1.570796326794896 0.0 0.0 0.0 980.0 false 10.0 0.0 ]
[ NapkinDispencer 8.0 1022.0 919.0 1.570796326794896 0.0 0.0 0.0 980.0 false 10.0 0.0 ]
[ NapkinDispencer 8.0 1759.0 914.0 1.570796326794896 0.0 0.0 0.0 980.0 false 10.0 0.0 ]
[ NapkinDispencer 8.0 2946.0 919.0 1.570796326794896 0.0 0.0 0.0 980.0 false 10.0 0.0 ]
[ NapkinDispencer 8.0 3892.0 909.0 1.570796326794896 0.0 0.0 0.0 980.0 false 10.0 0.0 ]
[ NapkinDispencer 8.0 4725.0 915.0 1.570796326794896 0.0 0.0 0.0 980.0 false 10.0 0.0 ]
[ NapkinDispencer 8.0 5636.0 920.0 1.570796326794896 0.0 0.0 0.0 980.0 false 10.0 0.0 ]
[ NapkinDispencer 8.0 5680.0 921.0 1.570796326794896 0.0 0.0 0.0 980.0 false 10.0 0.0 ]
[ NapkinDispencer 8.0 6202.0 819.0 1.570796326794896 0.0 0.0 0.0 980.0 false 10.0 0.0 ]
frontEnts
[ Wood_Post_Short 60.0 657.0 908.0 5.026548245743676 0.0 0.0 0.0 980.0 false 16.0 0.0 ]
[ Wood_Post_Short 60.0 559.0 854.0 5.934119456780731 0.0 0.0 0.0 980.0 false 16.0 0.0 ]
[ Wood_Post -1.0 315.0 919.0 0.0 0.0 0.0 0.0 980.0 false 42.0 0.0 ]
[ FoodDinoSignLarge -1.0 -433.0 631.0 0.0 0.0 0.0 0.0 980.0 false 0.0 0.0 ]
[ Wood_Post -1.0 311.0 886.0 3.141592653589793 0.0 0.0 0.0 980.0 false 42.0 0.0 ]
[ WallMed -1.0 738.0 1110.0 0.0 0.0 0.0 0.0 980.0 false 450.0 0.0 ]
[ WallMed -1.0 3738.0 1110.0 0.0 0.0 0.0 0.0 980.0 false 450.0 0.0 ]
[ WallMed -1.0 238.0 1110.0 0.0 0.0 0.0 0.0 980.0 false 450.0 0.0 ]
AINodes
[ 2958.0 -427.0 4 ]
[ -3413.0 111.0 4 ]
[ -1419.0 776.0 4 ]
[ 501.0 763.0 4 ]
[ 5844.0 804.0 4 ]
